county,state,total_population_change,natural_change,births,deaths,net_migration_total,international,domestic
Autauga County,Alabama,616,93,714,621,525,34,491
Baldwin County,Alabama,6976,-109,2531,2640,7095,291,6804
Barbour County,Alabama,-115,-83,267,350,-32,13,-45
Bibb County,Alabama,-118,-50,240,290,-68,1,-69
Blount County,Alabama,300,-78,698,776,382,24,358
Bullock County,Alabama,-246,-31,102,133,-213,6,-219
Butler County,Alabama,-286,-87,212,299,-199,8,-207
Calhoun County,Alabama,649,-303,1346,1649,952,29,923
Chambers County,Alabama,-85,-113,398,511,29,55,-26
Cherokee County,Alabama,313,-179,230,409,496,14,482
Chilton County,Alabama,583,-40,548,588,626,49,577
Choctaw County,Alabama,-179,-92,108,200,-86,2,-88
Clarke County,Alabama,-237,-73,293,366,-165,0,-165
Clay County,Alabama,-72,-71,159,230,-1,-3,2
Cleburne County,Alabama,267,-52,177,229,321,-1,322
Coffee County,Alabama,803,46,676,630,763,68,695
Colbert County,Alabama,368,-165,636,801,536,47,489
Conecuh County,Alabama,-50,-71,134,205,20,0,20
Coosa County,Alabama,-39,-85,89,174,48,-1,49
Covington County,Alabama,349,-235,418,653,588,-1,589
Crenshaw County,Alabama,53,-68,157,225,122,27,95
Cullman County,Alabama,1353,-131,1015,1146,1487,16,1471
Dale County,Alabama,376,69,692,623,306,49,257
Dallas County,Alabama,-564,-144,428,572,-421,37,-458
DeKalb County,Alabama,487,-110,835,945,595,100,495
Elmore County,Alabama,841,-7,935,942,851,29,822
Escambia County,Alabama,-78,-154,428,582,76,2,74
Etowah County,Alabama,338,-460,1170,1630,802,69,733
Fayette County,Alabama,-115,-96,180,276,-18,0,-18
Franklin County,Alabama,-108,-19,430,449,-90,54,-144
Geneva County,Alabama,228,-157,294,451,386,17,369
Greene County,Alabama,-111,-42,84,126,-68,0,-68
Hale County,Alabama,289,-38,213,251,328,1,327
Henry County,Alabama,229,-88,173,261,319,0,319
Houston County,Alabama,415,-43,1306,1349,457,83,374
Jackson County,Alabama,544,-292,549,841,838,29,809
Jefferson County,Alabama,-2189,394,7967,7573,-2599,818,-3417
Lamar County,Alabama,-45,-83,155,238,37,-1,38
Lauderdale County,Alabama,939,-235,948,1183,1161,58,1103
Lawrence County,Alabama,315,-106,386,492,419,-1,420
Lee County,Alabama,2517,586,1899,1313,1932,575,1357
Limestone County,Alabama,3786,164,1204,1040,3627,104,3523
Lowndes County,Alabama,-66,-49,120,169,-16,1,-17
Macon County,Alabama,-162,-79,162,241,-83,24,-107
Madison County,Alabama,8995,854,4470,3616,8129,789,7340
Marengo County,Alabama,-107,-81,220,301,-27,14,-41
Marion County,Alabama,62,-132,309,441,193,1,192
Marshall County,Alabama,1328,279,1535,1256,1047,181,866
Mobile County,Alabama,242,310,5075,4765,-80,325,-405
Monroe County,Alabama,-183,-88,231,319,-97,1,-98
Montgomery County,Alabama,-1321,643,3003,2360,-1979,439,-2418
Morgan County,Alabama,902,-45,1461,1506,946,106,840
Perry County,Alabama,-166,-52,89,141,-113,1,-114
Pickens County,Alabama,-61,-97,186,283,36,14,22
Pike County,Alabama,129,-36,360,396,166,66,100
Randolph County,Alabama,326,-87,249,336,414,10,404
Russell County,Alabama,150,-22,688,710,173,24,149
St. Clair County,Alabama,1671,-124,1032,1156,1795,18,1777
Shelby County,Alabama,2967,663,2390,1727,2326,248,2078
Sumter County,Alabama,-162,-47,114,161,-115,21,-136
Talladega County,Alabama,384,-276,871,1147,658,25,633
Tallapoosa County,Alabama,-236,-245,392,637,8,19,-11
Tuscaloosa County,Alabama,683,506,2510,2004,170,298,-128
Walker County,Alabama,290,-288,808,1096,578,39,539
Washington County,Alabama,-72,-42,187,229,-30,-1,-29
Wilcox County,Alabama,-195,-50,116,166,-145,2,-147
Winston County,Alabama,-130,-139,249,388,10,18,-8
Aleutians East Borough,Alaska,31,7,17,10,24,77,-53
Aleutians West Census Area,Alaska,70,9,25,16,64,131,-67
Anchorage Municipality,Alaska,-908,1396,3573,2177,-2297,1115,-3412
Bethel Census Area,Alaska,-35,234,389,155,-271,5,-276
Bristol Bay Borough,Alaska,-26,4,11,7,-28,6,-34
Chugach Census Area,Alaska,-130,38,62,24,-168,15,-183
Copper River Census Area,Alaska,65,14,32,18,52,-1,53
Denali Borough,Alaska,9,11,20,9,-3,6,-9
Dillingham Census Area,Alaska,-117,28,75,47,-144,12,-156
Fairbanks North Star Borough,Alaska,-362,821,1427,606,-1177,214,-1391
Haines Borough,Alaska,0,7,24,17,-6,6,-12
Hoonah-Angoon Census Area,Alaska,-17,-10,18,28,-6,3,-9
Juneau City and Borough,Alaska,-185,70,284,214,-256,58,-314
Kenai Peninsula Borough,Alaska,612,87,636,549,524,38,486
Ketchikan Gateway Borough,Alaska,-34,10,119,109,-43,29,-72
Kodiak Island Borough,Alaska,-74,70,158,88,-143,91,-234
Kusilvak Census Area,Alaska,-213,144,216,72,-355,1,-356
Lake and Peninsula Borough,Alaska,-46,5,16,11,-50,1,-51
Matanuska-Susitna Borough,Alaska,1767,508,1370,862,1255,57,1198
Nome Census Area,Alaska,-28,85,169,84,-116,8,-124
North Slope Borough,Alaska,-208,63,126,63,-270,43,-313
Northwest Arctic Borough,Alaska,-92,62,141,79,-155,-1,-154
Petersburg Borough,Alaska,57,-3,25,28,62,25,37
Prince of Wales-Hyder Census Area,Alaska,46,-3,73,76,50,2,48
Sitka City and Borough,Alaska,-71,7,76,69,-77,21,-98
Skagway Municipality,Alaska,3,1,9,8,0,4,-4
Southeast Fairbanks Census Area,Alaska,61,44,98,54,15,23,-8
Wrangell City and Borough,Alaska,-7,-5,19,24,-1,0,-1
Yakutat City and Borough,Alaska,2,1,3,2,1,1,0
Yukon-Koyukuk Census Area,Alaska,-40,-20,55,75,-20,14,-34
Apache County,Arizona,-497,-251,724,975,-246,56,-302
Cochise County,Arizona,-847,-366,1246,1612,-467,228,-695
Coconino County,Arizona,249,256,1315,1059,-4,292,-296
Gila County,Arizona,81,-478,453,931,556,-6,562
Graham County,Arizona,703,85,493,408,612,-2,614
Greenlee County,Arizona,42,20,118,98,22,31,-9
La Paz County,Arizona,175,-211,165,376,390,78,312
Maricopa County,Arizona,30038,12508,50795,38287,17396,15217,2179
Mohave County,Arizona,2777,-2257,1736,3993,5033,81,4952
Navajo County,Arizona,375,-369,1228,1597,745,38,707
Pima County,Arizona,5686,-1270,10006,11276,6928,3105,3823
Pinal County,Arizona,19202,722,5015,4293,18496,1033,17463
Santa Cruz County,Arizona,478,172,554,382,305,332,-27
Yavapai County,Arizona,2851,-1810,1777,3587,4667,153,4514
Yuma County,Arizona,4347,951,2869,1918,3381,999,2382
Arkansas County,Arkansas,-191,-119,186,305,-72,-1,-71
Ashley County,Arkansas,-86,-116,199,315,34,-2,36
Baxter County,Arkansas,390,-452,349,801,839,-4,843
Benton County,Arkansas,8191,1697,3908,2211,6472,1096,5376
Boone County,Arkansas,250,-120,406,526,374,-2,376
Bradley County,Arkansas,-64,-36,118,154,-29,-5,-24
Calhoun County,Arkansas,-46,-37,51,88,-8,0,-8
Carroll County,Arkansas,97,-45,326,371,140,36,104
Chicot County,Arkansas,-296,-85,88,173,-210,-1,-209
Clark County,Arkansas,-2,-50,239,289,48,8,40
Clay County,Arkansas,-70,-85,157,242,15,-2,17
Cleburne County,Arkansas,192,-204,223,427,396,-3,399
Cleveland County,Arkansas,-89,-47,82,129,-40,1,-41
Columbia County,Arkansas,-136,-42,256,298,-94,20,-114
Conway County,Arkansas,56,-70,228,298,124,26,98
Craighead County,Arkansas,1130,449,1540,1091,678,61,617
Crawford County,Arkansas,850,-52,727,779,903,151,752
Crittenden County,Arkansas,88,-50,570,620,138,32,106
Cross County,Arkansas,-170,-82,183,265,-90,30,-120
Dallas County,Arkansas,-11,-63,57,120,53,-1,54
Desha County,Arkansas,-279,-51,113,164,-226,9,-235
Drew County,Arkansas,33,-33,193,226,65,9,56
Faulkner County,Arkansas,2386,351,1468,1117,2037,145,1892
Franklin County,Arkansas,198,-70,188,258,270,0,270
Fulton County,Arkansas,66,-118,117,235,183,-1,184
Garland County,Arkansas,-198,-565,970,1535,369,74,295
Grant County,Arkansas,254,-74,184,258,331,7,324
Greene County,Arkansas,335,-36,526,562,367,6,361
Hempstead County,Arkansas,-138,-67,214,281,-74,17,-91
Hot Spring County,Arkansas,109,-171,304,475,278,-1,279
Howard County,Arkansas,-89,-36,139,175,-54,4,-58
Independence County,Arkansas,66,-13,474,487,80,2,78
Izard County,Arkansas,140,-125,113,238,264,-2,266
Jackson County,Arkansas,130,-95,157,252,224,7,217
Jefferson County,Arkansas,-634,-193,723,916,-441,83,-524
Johnson County,Arkansas,159,-38,296,334,197,20,177
Lafayette County,Arkansas,-34,-64,42,106,31,28,3
Lawrence County,Arkansas,124,-47,192,239,173,9,164
Lee County,Arkansas,-166,-57,82,139,-107,11,-118
Lincoln County,Arkansas,-12,-70,100,170,57,-2,59
Little River County,Arkansas,-60,-99,95,194,39,-2,41
Logan County,Arkansas,142,-102,260,362,246,2,244
Lonoke County,Arkansas,745,97,886,789,649,43,606
Madison County,Arkansas,312,-31,217,248,344,13,331
Marion County,Arkansas,225,-164,137,301,390,-2,392
Miller County,Arkansas,-193,-217,356,573,23,-29,52
Mississippi County,Arkansas,-200,-45,526,571,-156,17,-173
Monroe County,Arkansas,-56,-48,86,134,-8,0,-8
Montgomery County,Arkansas,77,-82,80,162,162,-1,163
Nevada County,Arkansas,-59,-46,75,121,-12,-2,-10
Newton County,Arkansas,-30,-56,67,123,26,0,26
Ouachita County,Arkansas,-201,-123,247,370,-79,0,-79
Perry County,Arkansas,111,-52,99,151,163,6,157
Phillips County,Arkansas,-389,-70,208,278,-319,31,-350
Pike County,Arkansas,49,-57,113,170,107,2,105
Poinsett County,Arkansas,-56,-106,292,398,50,35,15
Polk County,Arkansas,102,-114,202,316,219,11,208
Pope County,Arkansas,540,47,729,682,501,23,478
Prairie County,Arkansas,-41,-64,79,143,22,-1,23
Pulaski County,Arkansas,622,938,5002,4064,-315,489,-804
Randolph County,Arkansas,55,-19,246,265,73,32,41
St. Francis County,Arkansas,-301,-60,269,329,-240,42,-282
Saline County,Arkansas,2159,29,1414,1385,2136,86,2050
Scott County,Arkansas,55,-56,122,178,108,1,107
Searcy County,Arkansas,-100,-80,74,154,-20,1,-21
Sebastian County,Arkansas,-11,93,1604,1511,-105,181,-286
Sevier County,Arkansas,-106,-21,180,201,-86,5,-91
Sharp County,Arkansas,132,-122,180,302,254,0,254
Stone County,Arkansas,86,-94,126,220,182,-6,188
Union County,Arkansas,-416,-111,462,573,-305,53,-358
Van Buren County,Arkansas,39,-158,140,298,196,7,189
Washington County,Arkansas,4867,1410,3279,1869,3421,1125,2296
White County,Arkansas,836,-88,902,990,928,42,886
Woodruff County,Arkansas,-93,-32,70,102,-61,0,-61
Yell County,Arkansas,-47,-23,254,277,-26,27,-53
Alameda County,California,-6071,5847,16418,10571,-11893,12740,-24633
Alpine County,California,-49,-15,7,22,-32,1,-33
Amador County,California,318,-222,331,553,542,25,517
Butte County,California,-197,-441,1947,2388,250,238,12
Calaveras County,California,9,-218,376,594,229,15,214
Colusa County,California,128,95,283,188,33,31,2
Contra Costa County,California,-1994,2974,11573,8599,-5056,5258,-10314
Del Norte County,California,-523,-123,236,359,-402,2,-404
El Dorado County,California,-572,-253,1495,1748,-314,216,-530
Fresno County,California,1803,5495,13879,8384,-3754,2261,-6015
Glenn County,California,-231,27,354,327,-259,28,-287
Humboldt County,California,-959,-341,1225,1566,-613,131,-744
Imperial County,California,117,1021,2424,1403,-917,493,-1410
Inyo County,California,-215,-61,161,222,-153,1,-154
Kern County,California,-2931,4455,12077,7622,-7510,1659,-9169
Kings County,California,-305,968,2084,1116,-1277,188,-1465
Lake County,California,-294,-289,683,972,-4,57,-61
Lassen County,California,-1159,-23,264,287,-1143,36,-1179
Los Angeles County,California,-56420,22216,95354,73138,-78649,40388,-119037
Madera County,California,2529,659,2078,1419,1863,119,1744
Marin County,California,-1747,167,2255,2088,-1915,1038,-2953
Mariposa County,California,-134,-80,145,225,-52,54,-106
Mendocino County,California,-899,-157,856,1013,-742,129,-871
Merced County,California,1710,1618,3787,2169,67,660,-593
Modoc County,California,-119,-81,34,115,-37,13,-50
Mono County,California,64,53,114,61,12,90,-78
Monterey County,California,-2161,2691,5548,2857,-4850,1340,-6190
Napa County,California,-1154,-95,1167,1262,-1060,279,-1339
Nevada County,California,-364,-369,741,1110,11,50,-39
Orange County,California,-14617,8058,30677,22619,-22738,12859,-35597
Placer County,California,5487,-196,3607,3803,5710,790,4920
Plumas County,California,-312,-71,145,216,-238,19,-257
Riverside County,California,18201,6961,27497,20536,11185,3378,7807
Sacramento County,California,-92,4496,17698,13202,-4606,7784,-12390
San Benito County,California,532,388,850,462,143,17,126
San Bernardino County,California,703,8702,26188,17486,-8173,3211,-11384
San Diego County,California,-7203,12882,37145,24263,-19978,10767,-30745
San Francisco County,California,1214,1040,7240,6200,276,6201,-5925
San Joaquin County,California,6672,3257,9570,6313,3369,2983,386
San Luis Obispo County,California,-407,-174,2389,2563,-236,332,-568
San Mateo County,California,-2576,2522,7394,4872,-5066,5269,-10335
Santa Barbara County,California,-2658,2137,5560,3423,-4822,1424,-6246
Santa Clara County,California,-743,7966,18707,10741,-8672,20405,-29077
Santa Cruz County,California,-2693,358,2261,1903,-3059,396,-3455
Shasta County,California,-571,-809,1734,2543,239,254,-15
Sierra County,California,-22,-11,23,34,-11,0,-11
Siskiyou County,California,-881,-321,323,644,-557,22,-579
Solano County,California,333,973,4792,3819,-653,1312,-1965
Sonoma County,California,-857,92,4480,4388,-952,813,-1765
Stanislaus County,California,204,2064,7077,5013,-1915,1229,-3144
Sutter County,California,-621,236,1181,945,-860,307,-1167
Tehama County,California,-403,-125,745,870,-281,-7,-274
Trinity County,California,-108,-88,100,188,-19,-5,-14
Tulare County,California,1584,3034,6746,3712,-1503,616,-2119
Tuolumne County,California,-383,-354,437,791,-27,23,-50
Ventura County,California,-3281,2057,8581,6524,-5364,1390,-6754
Yolo County,California,-1474,393,1900,1507,-1891,1523,-3414
Yuba County,California,1369,431,1177,746,935,130,805
Adams County,Colorado,5856,2854,6534,3680,2958,1241,1717
Alamosa County,Colorado,68,8,191,183,59,24,35
Arapahoe County,Colorado,-208,3006,7639,4633,-3225,3029,-6254
Archuleta County,Colorado,200,-42,104,146,243,7,236
Baca County,Colorado,-91,-45,30,75,-45,7,-52
Bent County,Colorado,242,-34,39,73,273,0,273
Boulder County,Colorado,-508,448,2486,2038,-959,960,-1919
Broomfield County,Colorado,665,182,643,461,483,142,341
Chaffee County,Colorado,352,-34,150,184,384,5,379
Cheyenne County,Colorado,-4,-12,14,26,7,10,-3
Clear Creek County,Colorado,-220,-15,54,69,-204,2,-206
Conejos County,Colorado,-66,-8,99,107,-57,-1,-56
Costilla County,Colorado,13,-27,33,60,39,0,39
Crowley County,Colorado,9,-38,29,67,47,-1,48
Custer County,Colorado,197,-20,41,61,217,2,215
Delta County,Colorado,186,-202,273,475,389,11,378
Denver County,Colorado,3124,3651,8632,4981,-449,2150,-2599
Dolores County,Colorado,53,-16,19,35,69,0,69
Douglas County,Colorado,7969,1858,3812,1954,6125,660,5465
Eagle County,Colorado,-837,330,515,185,-1167,75,-1242
Elbert County,Colorado,964,44,263,219,926,2,924
El Paso County,Colorado,3619,3445,9147,5702,158,777,-619
Fremont County,Colorado,702,-325,351,676,1020,6,1014
Garfield County,Colorado,451,302,714,412,149,155,-6
Gilpin County,Colorado,40,7,48,41,33,28,5
Grand County,Colorado,201,18,121,103,181,29,152
Gunnison County,Colorado,1,49,134,85,-47,6,-53
Hinsdale County,Colorado,-6,-1,4,5,-5,0,-5
Huerfano County,Colorado,-42,-95,40,135,52,-1,53
Jackson County,Colorado,-5,-7,6,13,2,0,2
Jefferson County,Colorado,555,496,5493,4997,78,662,-584
Kiowa County,Colorado,-50,-1,20,21,-49,1,-50
Kit Carson County,Colorado,11,-2,93,95,14,31,-17
Lake County,Colorado,19,39,85,46,-19,12,-31
La Plata County,Colorado,-146,-41,414,455,-105,29,-134
Larimer County,Colorado,3194,456,3094,2638,2720,471,2249
Las Animas County,Colorado,37,-132,111,243,166,19,147
Lincoln County,Colorado,-30,-17,52,69,-14,4,-18
Logan County,Colorado,-173,-78,192,270,-95,26,-121
Mesa County,Colorado,1150,-326,1454,1780,1473,68,1405
Mineral County,Colorado,13,-4,7,11,19,0,19
Moffat County,Colorado,122,22,135,113,102,-3,105
Montezuma County,Colorado,64,-117,240,357,181,57,124
Montrose County,Colorado,349,-147,395,542,496,72,424
Morgan County,Colorado,258,104,407,303,154,218,-64
Otero County,Colorado,-175,-76,203,279,-100,-2,-98
Ouray County,Colorado,73,-8,32,40,81,10,71
Park County,Colorado,196,6,138,132,188,11,177
Phillips County,Colorado,28,-19,51,70,49,36,13
Pitkin County,Colorado,-207,62,130,68,-270,29,-299
Prowers County,Colorado,-122,7,142,135,-129,22,-151
Pueblo County,Colorado,-50,-586,1646,2232,532,47,485
Rio Blanco County,Colorado,20,-12,58,70,34,7,27
Rio Grande County,Colorado,-149,-47,121,168,-99,-2,-97
Routt County,Colorado,-8,69,206,137,-77,26,-103
Saguache County,Colorado,61,-15,61,76,75,2,73
San Juan County,Colorado,-4,-1,6,7,-4,0,-4
San Miguel County,Colorado,-140,13,48,35,-154,15,-169
Sedgwick County,Colorado,13,-26,14,40,40,0,40
Summit County,Colorado,-171,173,262,89,-339,84,-423
Teller County,Colorado,-243,-64,179,243,-175,9,-184
Washington County,Colorado,8,-14,52,66,22,7,15
Weld County,Colorado,9176,2372,4658,2286,6781,527,6254
Yuma County,Colorado,-33,32,134,102,-65,111,-176
Capitol Planning Region,Connecticut,3260,256,9391,9135,2988,4344,-1356
Greater Bridgeport Planning Region,Connecticut,526,974,3374,2400,-483,2075,-2558
Lower Connecticut River Valley Planning Region,Connecticut,233,-291,1432,1723,530,368,162
Naugatuck Valley Planning Region,Connecticut,2538,173,4388,4215,2386,1370,1016
Northeastern Connecticut Planning Region,Connecticut,544,-188,827,1015,728,97,631
Northwest Hills Planning Region,Connecticut,186,-271,921,1192,463,214,249
South Central Connecticut Planning Region,Connecticut,-244,212,5674,5462,-476,2246,-2722
Southeastern Connecticut Planning Region,Connecticut,377,-367,2595,2962,740,583,157
Western Connecticut Planning Region,Connecticut,1050,1617,6355,4738,-628,3967,-4595
Kent County,Delaware,2031,-16,2153,2169,2051,263,1788
New Castle County,Delaware,3338,553,6080,5527,2785,1582,1203
Sussex County,Delaware,7062,-709,2492,3201,7761,432,7329
District of Columbia,District of Columbia,8023,2607,7627,5020,5460,6969,-1509
Alachua County,Florida,1953,430,2679,2249,1511,1606,-95
Baker County,Florida,582,9,354,345,573,20,553
Bay County,Florida,5559,-61,2127,2188,5618,707,4911
Bradford County,Florida,562,-61,306,367,625,-7,632
Brevard County,Florida,13272,-3044,5217,8261,16326,1440,14886
Broward County,Florida,15642,4545,21028,16483,11124,25427,-14303
Calhoun County,Florida,5,-87,138,225,92,9,83
Charlotte County,Florida,3552,-2008,1095,3103,5549,492,5057
Citrus County,Florida,4188,-2104,1045,3149,6296,113,6183
Clay County,Florida,5805,-52,2303,2355,5883,333,5550
Collier County,Florida,6794,-778,3388,4166,7579,3382,4197
Columbia County,Florida,1193,-294,751,1045,1487,163,1324
DeSoto County,Florida,659,-26,409,435,680,132,548
Dixie County,Florida,345,-129,156,285,472,2,470
Duval County,Florida,13811,3107,12873,9766,10619,5507,5112
Escambia County,Florida,3068,-251,3761,4012,3287,823,2464
Flagler County,Florida,4681,-821,874,1695,5505,219,5286
Franklin County,Florida,102,-100,88,188,202,8,194
Gadsden County,Florida,440,-119,486,605,560,67,493
Gilchrist County,Florida,585,-51,209,260,638,63,575
Glades County,Florida,323,-90,72,162,411,40,371
Gulf County,Florida,394,-129,113,242,521,19,502
Hamilton County,Florida,277,-40,167,207,317,2,315
Hardee County,Florida,109,33,361,328,76,53,23
Hendry County,Florida,1942,150,562,412,1796,404,1392
Hernando County,Florida,5872,-1550,1649,3199,7431,345,7086
Highlands County,Florida,1965,-1037,870,1907,3007,307,2700
Hillsborough County,Florida,22091,4989,17429,12440,17008,13707,3301
Holmes County,Florida,291,-91,229,320,381,0,381
Indian River County,Florida,2528,-1228,1273,2501,3761,465,3296
Jackson County,Florida,367,-194,521,715,561,50,511
Jefferson County,Florida,381,-73,136,209,454,31,423
Lafayette County,Florida,301,-41,71,112,343,5,338
Lake County,Florida,14372,-1437,3689,5126,15820,1150,14670
Lee County,Florida,12182,-1120,7477,8597,13280,4906,8374
Leon County,Florida,-369,482,2791,2309,-866,1075,-1941
Levy County,Florida,1292,-275,395,670,1566,75,1491
Liberty County,Florida,93,-4,74,78,96,0,96
Madison County,Florida,289,-129,173,302,417,57,360
Manatee County,Florida,11926,-983,3761,4744,12897,1597,11300
Marion County,Florida,13522,-2480,3638,6118,16015,848,15167
Martin County,Florida,1328,-947,1294,2241,2279,441,1838
Miami-Dade County,Florida,13811,7004,29339,22335,6860,54457,-47597
Monroe County,Florida,-1004,-65,734,799,-931,482,-1413
Nassau County,Florida,3675,-275,851,1126,3955,15,3940
Okaloosa County,Florida,2000,550,2686,2136,1435,962,473
Okeechobee County,Florida,1054,-34,552,586,1088,59,1029
Orange County,Florida,19655,7023,16620,9597,12600,19160,-6560
Osceola County,Florida,15241,1812,4916,3104,13412,5994,7418
Palm Beach County,Florida,13934,-671,15166,15837,14679,14841,-162
Pasco County,Florida,23855,-1559,5625,7184,25441,1691,23750
Pinellas County,Florida,-196,-4945,7488,12433,4780,3087,1693
Polk County,Florida,29948,580,8932,8352,29364,3335,26029
Putnam County,Florida,1219,-412,821,1233,1624,82,1542
St. Johns County,Florida,13038,-17,2469,2486,13113,804,12309
St. Lucie County,Florida,14700,-416,3605,4021,15136,1125,14011
Santa Rosa County,Florida,4963,146,2075,1929,4831,128,4703
Sarasota County,Florida,6461,-3399,3003,6402,9880,1354,8526
Seminole County,Florida,5648,690,4677,3987,4962,3039,1923
Sumter County,Florida,6798,-1989,541,2530,8788,104,8684
Suwannee County,Florida,725,-267,442,709,992,15,977
Taylor County,Florida,269,-106,223,329,374,80,294
Union County,Florida,18,-96,152,248,114,0,114
Volusia County,Florida,10692,-3003,5051,8054,13682,1398,12284
Wakulla County,Florida,1280,-68,342,410,1350,1,1349
Walton County,Florida,2950,95,958,863,2855,94,2761
Washington County,Florida,197,-92,278,370,289,42,247
Appling County,Georgia,20,-31,207,238,50,34,16
Atkinson County,Georgia,133,6,131,125,126,85,41
Bacon County,Georgia,-49,-33,133,166,-16,2,-18
Baker County,Georgia,-49,-16,27,43,-33,5,-38
Baldwin County,Georgia,-237,-139,386,525,-97,13,-110
Banks County,Georgia,447,4,245,241,444,0,444
Barrow County,Georgia,3547,351,1151,800,3196,109,3087
Bartow County,Georgia,2226,187,1326,1139,2032,79,1953
Ben Hill County,Georgia,71,-62,211,273,132,4,128
Berrien County,Georgia,355,-30,229,259,388,1,387
Bibb County,Georgia,386,144,2060,1916,239,106,133
Bleckley County,Georgia,186,-43,128,171,230,-2,232
Brantley County,Georgia,191,-38,208,246,229,23,206
Brooks County,Georgia,-39,-59,161,220,21,36,-15
Bryan County,Georgia,1521,288,628,340,1234,62,1172
Bulloch County,Georgia,1289,181,855,674,1107,60,1047
Burke County,Georgia,4,-6,270,276,9,3,6
Butts County,Georgia,142,-50,293,343,192,22,170
Calhoun County,Georgia,-17,-20,45,65,3,3,0
Camden County,Georgia,1147,276,767,491,867,35,832
Candler County,Georgia,97,-50,145,195,146,-2,148
Carroll County,Georgia,2568,297,1567,1270,2274,143,2131
Catoosa County,Georgia,74,-243,573,816,314,-13,327
Charlton County,Georgia,146,-32,122,154,175,1,174
Chatham County,Georgia,2630,847,3676,2829,1783,811,972
Chattahoochee County,Georgia,-85,136,174,38,-216,46,-262
Chattooga County,Georgia,260,-128,247,375,386,33,353
Cherokee County,Georgia,5408,960,2944,1984,4443,450,3993
Clarke County,Georgia,207,443,1331,888,-229,443,-672
Clay County,Georgia,0,-17,28,45,16,6,10
Clayton County,Georgia,-99,1402,3596,2194,-1505,859,-2364
Clinch County,Georgia,67,9,94,85,59,4,55
Cobb County,Georgia,4903,3989,8847,4858,851,3861,-3010
Coffee County,Georgia,70,68,566,498,-2,86,-88
Colquitt County,Georgia,337,45,622,577,292,208,84
Columbia County,Georgia,2691,624,1835,1211,2086,246,1840
Cook County,Georgia,305,-16,222,238,321,57,264
Coweta County,Georgia,3013,367,1688,1321,2655,203,2452
Crawford County,Georgia,108,-102,100,202,211,0,211
Crisp County,Georgia,-98,-40,242,282,-56,-3,-53
Dade County,Georgia,75,-104,126,230,182,6,176
Dawson County,Georgia,1543,35,333,298,1510,21,1489
Decatur County,Georgia,68,-26,351,377,94,10,84
DeKalb County,Georgia,1213,4928,10127,5199,-3622,4427,-8049
Dodge County,Georgia,-97,-109,182,291,13,20,-7
Dooly County,Georgia,396,-60,98,158,450,39,411
Dougherty County,Georgia,-250,35,1101,1066,-289,70,-359
Douglas County,Georgia,1707,556,1698,1142,1165,233,932
Early County,Georgia,3,-58,117,175,60,0,60
Echols County,Georgia,23,14,49,35,10,3,7
Effingham County,Georgia,2507,250,847,597,2260,10,2250
Elbert County,Georgia,140,-83,223,306,223,3,220
Emanuel County,Georgia,173,-50,288,338,221,21,200
Evans County,Georgia,95,-11,122,133,107,3,104
Fannin County,Georgia,222,-248,186,434,473,-3,476
Fayette County,Georgia,1370,-145,916,1061,1543,307,1236
Floyd County,Georgia,676,-148,1119,1267,824,216,608
Forsyth County,Georgia,5575,852,2411,1559,4765,1061,3704
Franklin County,Georgia,636,-62,279,341,704,36,668
Fulton County,Georgia,5407,4689,11842,7153,659,4986,-4327
Gilmer County,Georgia,457,-127,297,424,583,20,563
Glascock County,Georgia,26,-18,32,50,45,0,45
Glynn County,Georgia,1027,-132,900,1032,1159,114,1045
Gordon County,Georgia,902,-28,660,688,931,64,867
Grady County,Georgia,72,-30,298,328,101,37,64
Greene County,Georgia,611,-113,141,254,721,30,691
Gwinnett County,Georgia,7353,6164,11245,5081,1096,6165,-5069
Habersham County,Georgia,1292,-26,526,552,1319,107,1212
Hall County,Georgia,4646,936,2694,1758,3698,671,3027
Hancock County,Georgia,259,-97,51,148,355,2,353
Haralson County,Georgia,683,-73,345,418,758,-1,759
Harris County,Georgia,397,-29,305,334,429,19,410
Hart County,Georgia,670,-126,266,392,797,7,790
Heard County,Georgia,318,-53,114,167,371,0,371
Henry County,Georgia,6141,855,2777,1922,5328,252,5076
Houston County,Georgia,2199,579,2033,1454,1627,131,1496
Irwin County,Georgia,6,-51,99,150,59,2,57
Jackson County,Georgia,4606,284,1040,756,4335,126,4209
Jasper County,Georgia,476,-17,180,197,497,13,484
Jeff Davis County,Georgia,15,-49,163,212,64,3,61
Jefferson County,Georgia,-111,-100,166,266,-10,8,-18
Jenkins County,Georgia,-28,-35,94,129,6,7,-1
Johnson County,Georgia,71,-41,97,138,111,4,107
Jones County,Georgia,457,-101,253,354,562,0,562
Lamar County,Georgia,928,-32,222,254,958,6,952
Lanier County,Georgia,275,15,129,114,261,74,187
Laurens County,Georgia,231,-66,609,675,298,69,229
Lee County,Georgia,194,16,315,299,180,26,154
Liberty County,Georgia,1291,864,1382,518,426,175,251
Lincoln County,Georgia,20,-26,87,113,46,3,43
Long County,Georgia,1199,133,278,145,1067,12,1055
Lowndes County,Georgia,1213,530,1618,1088,676,97,579
Lumpkin County,Georgia,552,-49,324,373,600,74,526
McDuffie County,Georgia,109,-33,265,298,141,-6,147
McIntosh County,Georgia,318,-97,96,193,416,1,415
Macon County,Georgia,40,-51,124,175,92,9,83
Madison County,Georgia,741,21,403,382,720,-1,721
Marion County,Georgia,4,-51,71,122,55,15,40
Meriwether County,Georgia,41,-86,241,327,126,0,126
Miller County,Georgia,-27,-58,56,114,34,-1,35
Mitchell County,Georgia,-78,-48,234,282,-27,-3,-24
Monroe County,Georgia,1156,-91,268,359,1252,5,1247
Montgomery County,Georgia,118,-27,107,134,145,17,128
Morgan County,Georgia,436,-47,210,257,486,3,483
Murray County,Georgia,625,-36,454,490,661,1,660
Muscogee County,Georgia,-555,560,2700,2140,-1120,368,-1488
Newton County,Georgia,2383,251,1306,1055,2139,280,1859
Oconee County,Georgia,558,23,356,333,545,54,491
Oglethorpe County,Georgia,223,-25,162,187,249,4,245
Paulding County,Georgia,4411,784,2007,1223,3646,320,3326
Peach County,Georgia,319,-52,310,362,370,4,366
Pickens County,Georgia,1144,-139,317,456,1282,-5,1287
Pierce County,Georgia,235,-23,253,276,257,-1,258
Pike County,Georgia,506,-49,196,245,557,3,554
Polk County,Georgia,554,10,584,574,541,22,519
Pulaski County,Georgia,132,-62,96,158,196,1,195
Putnam County,Georgia,196,-128,211,339,324,7,317
Quitman County,Georgia,21,-25,18,43,46,0,46
Rabun County,Georgia,175,-105,151,256,282,28,254
Randolph County,Georgia,-48,-49,57,106,2,3,-1
Richmond County,Georgia,-930,443,2688,2245,-1387,163,-1550
Rockdale County,Georgia,1042,141,974,833,906,122,784
Schley County,Georgia,29,-7,50,57,35,0,35
Screven County,Georgia,204,-58,153,211,264,0,264
Seminole County,Georgia,-52,-47,96,143,-5,2,-7
Spalding County,Georgia,938,-79,848,927,1018,50,968
Stephens County,Georgia,482,-125,297,422,602,9,593
Stewart County,Georgia,70,-47,33,80,118,109,9
Sumter County,Georgia,26,-41,349,390,66,17,49
Talbot County,Georgia,-39,-47,46,93,9,0,9
Taliaferro County,Georgia,1,-19,13,32,22,0,22
Tattnall County,Georgia,308,7,290,283,300,-7,307
Taylor County,Georgia,-4,-60,69,129,57,9,48
Telfair County,Georgia,-1458,-51,126,177,-1423,32,-1455
Terrell County,Georgia,-74,-49,88,137,-24,1,-25
Thomas County,Georgia,98,-76,526,602,174,6,168
Tift County,Georgia,219,22,513,491,194,29,165
Toombs County,Georgia,227,2,384,382,224,56,168
Towns County,Georgia,74,-127,99,226,201,5,196
Treutlen County,Georgia,-18,-18,79,97,2,0,2
Troup County,Georgia,495,125,920,795,369,86,283
Turner County,Georgia,73,-16,115,131,89,-1,90
Twiggs County,Georgia,15,-97,56,153,113,0,113
Union County,Georgia,734,-224,175,399,960,28,932
Upson County,Georgia,170,-122,329,451,291,-5,296
Walker County,Georgia,524,-276,603,879,801,7,794
Walton County,Georgia,3638,111,1146,1035,3544,89,3455
Ware County,Georgia,646,-88,459,547,730,34,696
Warren County,Georgia,-51,-33,51,84,-19,1,-20
Washington County,Georgia,55,-68,205,273,120,3,117
Wayne County,Georgia,636,-103,339,442,739,43,696
Webster County,Georgia,0,-10,18,28,10,6,4
Wheeler County,Georgia,-229,-6,70,76,-225,0,-225
White County,Georgia,222,-136,272,408,355,16,339
Whitfield County,Georgia,592,225,1204,979,367,170,197
Wilcox County,Georgia,28,-63,83,146,91,-2,93
Wilkes County,Georgia,-47,-75,94,169,29,7,22
Wilkinson County,Georgia,48,-48,108,156,96,2,94
Worth County,Georgia,-158,-91,208,299,-68,-1,-67
Hawaii County,Hawaii,1267,-106,1945,2051,1367,583,784
Honolulu County,Hawaii,-5420,2029,10799,8770,-7395,3399,-10794
Kalawao County,Hawaii,0,0,0,0,0,0,0
Kauai County,Hawaii,68,139,779,640,-72,175,-247
Maui County,Hawaii,-176,293,1644,1351,-466,470,-936
Ada County,Idaho,5669,1299,5080,3781,4351,1435,2916
Adams County,Idaho,112,-25,28,53,137,1,136
Bannock County,Idaho,775,188,1059,871,584,223,361
Bear Lake County,Idaho,36,9,77,68,27,17,10
Benewah County,Idaho,78,-46,104,150,125,1,124
Bingham County,Idaho,422,196,667,471,226,7,219
Blaine County,Idaho,140,46,199,153,95,269,-174
Boise County,Idaho,157,-16,68,84,172,66,106
Bonner County,Idaho,1140,-101,448,549,1246,107,1139
Bonneville County,Idaho,1823,809,1803,994,1004,69,935
Boundary County,Idaho,285,-2,151,153,288,73,215
Butte County,Idaho,60,-4,33,37,65,0,65
Camas County,Idaho,63,5,11,6,58,0,58
Canyon County,Idaho,6782,1371,3341,1970,5400,584,4816
Caribou County,Idaho,19,9,85,76,12,4,8
Cassia County,Idaho,52,138,366,228,-88,60,-148
Clark County,Idaho,-9,14,19,5,-21,-1,-20
Clearwater County,Idaho,179,-69,67,136,247,7,240
Custer County,Idaho,5,-33,33,66,38,0,38
Elmore County,Idaho,333,214,459,245,118,171,-53
Franklin County,Idaho,324,92,216,124,232,2,230
Fremont County,Idaho,179,43,186,143,137,25,112
Gem County,Idaho,617,-52,204,256,670,267,403
Gooding County,Idaho,182,60,226,166,121,13,108
Idaho County,Idaho,253,-58,170,228,315,16,299
Jefferson County,Idaho,862,210,448,238,652,34,618
Jerome County,Idaho,235,141,364,223,92,92,0
Kootenai County,Idaho,1720,97,1879,1782,1625,12,1613
Latah County,Idaho,377,136,431,295,240,368,-128
Lemhi County,Idaho,157,-65,64,129,221,0,221
Lewis County,Idaho,14,-28,33,61,42,4,38
Lincoln County,Idaho,65,28,66,38,35,3,32
Madison County,Idaho,-411,900,1110,210,-1315,388,-1703
Minidoka County,Idaho,272,92,304,212,178,10,168
Nez Perce County,Idaho,78,-196,395,591,274,62,212
Oneida County,Idaho,213,2,57,55,212,0,212
Owyhee County,Idaho,77,11,148,137,66,6,60
Payette County,Idaho,350,24,326,302,327,-8,335
Power County,Idaho,117,49,111,62,68,14,54
Shoshone County,Idaho,91,-73,154,227,161,1,160
Teton County,Idaho,30,66,129,63,-35,16,-51
Twin Falls County,Idaho,1335,214,1137,923,1120,194,926
Valley County,Idaho,194,-12,84,96,207,-1,208
Washington County,Idaho,278,-44,116,160,324,53,271
Adams County,Illinois,-115,-134,700,834,18,9,9
Alexander County,Illinois,-146,-74,30,104,-73,0,-73
Bond County,Illinois,-86,-73,130,203,-13,8,-21
Boone County,Illinois,134,27,512,485,113,-1,114
Brown County,Illinois,-22,-5,56,61,-17,0,-17
Bureau County,Illinois,-98,-106,319,425,9,15,-6
Calhoun County,Illinois,-36,-55,27,82,19,0,19
Carroll County,Illinois,-53,-102,124,226,49,3,46
Cass County,Illinois,-42,19,158,139,-61,67,-128
Champaign County,Illinois,-525,586,2090,1504,-1131,2144,-3275
Christian County,Illinois,-162,-165,284,449,3,0,3
Clark County,Illinois,-72,-138,87,225,67,-4,71
Clay County,Illinois,-78,-21,163,184,-58,0,-58
Clinton County,Illinois,-152,7,375,368,-163,38,-201
Coles County,Illinois,-286,-117,449,566,-173,52,-225
Cook County,Illinois,-24494,9975,53124,43149,-34315,23790,-58105
Crawford County,Illinois,-195,-103,147,250,-93,1,-94
Cumberland County,Illinois,-47,-34,100,134,-12,2,-14
DeKalb County,Illinois,65,222,1040,818,-163,350,-513
De Witt County,Illinois,0,-36,165,201,40,4,36
Douglas County,Illinois,-38,4,243,239,-41,16,-57
DuPage County,Illinois,-451,3048,9715,6667,-3582,4517,-8099
Edgar County,Illinois,-51,-147,112,259,98,2,96
Edwards County,Illinois,-90,-60,28,88,-29,3,-32
Effingham County,Illinois,31,-17,374,391,47,37,10
Fayette County,Illinois,-106,-64,188,252,-43,1,-44
Ford County,Illinois,-6,-66,144,210,58,33,25
Franklin County,Illinois,-77,-188,399,587,113,4,109
Fulton County,Illinois,-394,-240,263,503,-156,0,-156
Gallatin County,Illinois,-153,-67,24,91,-85,1,-86
Greene County,Illinois,-97,-94,91,185,-2,0,-2
Grundy County,Illinois,429,72,580,508,361,33,328
Hamilton County,Illinois,-70,-32,73,105,-39,0,-39
Hancock County,Illinois,-68,-50,178,228,-17,5,-22
Hardin County,Illinois,-3,-56,27,83,55,-1,56
Henderson County,Illinois,-80,-40,55,95,-39,1,-40
Henry County,Illinois,-148,-64,505,569,-84,-2,-82
Iroquois County,Illinois,-357,-151,273,424,-207,2,-209
Jackson County,Illinois,-336,-27,542,569,-312,237,-549
Jasper County,Illinois,-28,-38,83,121,10,8,2
Jefferson County,Illinois,-99,-102,402,504,4,9,-5
Jersey County,Illinois,-100,-141,151,292,42,14,28
Jo Daviess County,Illinois,-89,-137,143,280,50,5,45
Johnson County,Illinois,-65,-67,101,168,1,6,-5
Kane County,Illinois,843,1874,5581,3707,-1074,731,-1805
Kankakee County,Illinois,-58,-107,1136,1243,46,147,-101
Kendall County,Illinois,2482,815,1566,751,1675,235,1440
Knox County,Illinois,-209,-258,459,717,49,169,-120
Lake County,Illinois,-1139,1557,6534,4977,-2762,2626,-5388
LaSalle County,Illinois,128,-209,1119,1328,342,81,261
Lawrence County,Illinois,-78,-104,90,194,27,3,24
Lee County,Illinois,-284,-62,343,405,-220,23,-243
Livingston County,Illinois,-197,-97,383,480,-101,23,-124
Logan County,Illinois,-76,-88,254,342,12,12,0
McDonough County,Illinois,-75,-86,233,319,13,42,-29
McHenry County,Illinois,1242,639,3060,2421,613,114,499
McLean County,Illinois,-477,336,1692,1356,-821,605,-1426
Macon County,Illinois,-742,-197,1149,1346,-545,170,-715
Macoupin County,Illinois,-105,-266,369,635,161,23,138
Madison County,Illinois,-820,-919,2189,3108,94,122,-28
Marion County,Illinois,-232,-139,421,560,-94,5,-99
Marshall County,Illinois,12,-60,121,181,71,4,67
Mason County,Illinois,-176,-124,87,211,-51,4,-55
Massac County,Illinois,-166,-157,81,238,-8,-6,-2
Menard County,Illinois,-118,-44,109,153,-76,2,-78
Mercer County,Illinois,-46,-70,137,207,26,1,25
Monroe County,Illinois,-44,-213,134,347,172,0,172
Montgomery County,Illinois,-238,-157,235,392,-82,4,-86
Morgan County,Illinois,-158,-121,327,448,-37,7,-44
Moultrie County,Illinois,-33,-42,162,204,9,6,3
Ogle County,Illinois,-80,-43,519,562,-35,17,-52
Peoria County,Illinois,-487,19,2008,1989,-513,608,-1121
Perry County,Illinois,-9,-100,177,277,92,5,87
Piatt County,Illinois,39,-32,155,187,73,1,72
Pike County,Illinois,-157,-75,158,233,-84,9,-93
Pope County,Illinois,-39,-44,26,70,5,-1,6
Pulaski County,Illinois,-39,-70,37,107,31,-1,32
Putnam County,Illinois,8,-20,42,62,28,0,28
Randolph County,Illinois,-211,-149,251,400,-64,49,-113
Richland County,Illinois,-67,-108,141,249,40,8,32
Rock Island County,Illinois,-323,-41,1622,1663,-281,436,-717
St. Clair County,Illinois,-1247,-607,2168,2775,-654,223,-877
Saline County,Illinois,-179,-150,230,380,-28,4,-32
Sangamon County,Illinois,-660,-224,1850,2074,-445,319,-764
Schuyler County,Illinois,-20,-34,66,100,15,11,4
Scott County,Illinois,-61,-34,34,68,-27,0,-27
Shelby County,Illinois,-142,-114,180,294,-29,5,-34
Stark County,Illinois,-95,-42,44,86,-52,4,-56
Stephenson County,Illinois,-451,-309,314,623,-142,33,-175
Tazewell County,Illinois,-69,-396,1201,1597,330,36,294
Union County,Illinois,-105,-117,136,253,12,21,-9
Vermilion County,Illinois,-451,-266,849,1115,-187,16,-203
Wabash County,Illinois,-98,-122,39,161,25,10,15
Warren County,Illinois,-175,-14,196,210,-162,25,-187
Washington County,Illinois,-87,-59,111,170,-28,1,-29
Wayne County,Illinois,-82,-115,137,252,34,57,-23
White County,Illinois,-194,-157,86,243,-37,6,-43
Whiteside County,Illinois,-57,-206,537,743,155,43,112
Will County,Illinois,2682,1773,6953,5180,915,1289,-374
Williamson County,Illinois,162,-221,633,854,383,61,322
Winnebago County,Illinois,-620,-97,3193,3290,-536,608,-1144
Woodford County,Illinois,108,-23,397,420,131,27,104
Adams County,Indiana,137,260,629,369,-125,-1,-124
Allen County,Indiana,2901,1762,5282,3520,1123,1020,103
Bartholomew County,Indiana,609,211,1031,820,392,673,-281
Benton County,Indiana,57,-18,90,108,77,9,68
Blackford County,Indiana,-26,-72,130,202,48,5,43
Boone County,Indiana,1811,270,879,609,1547,91,1456
Brown County,Indiana,66,-105,94,199,173,5,168
Carroll County,Indiana,11,-40,193,233,52,12,40
Cass County,Indiana,129,10,474,464,122,128,-6
Clark County,Indiana,1245,-104,1309,1413,1342,112,1230
Clay County,Indiana,50,-41,302,343,92,4,88
Clinton County,Indiana,-39,-21,395,416,-19,14,-33
Crawford County,Indiana,-79,-64,97,161,-14,-1,-13
Daviess County,Indiana,160,194,532,338,-39,112,-151
Dearborn County,Indiana,315,-191,380,571,510,12,498
Decatur County,Indiana,-55,-25,309,334,-28,17,-45
DeKalb County,Indiana,385,70,544,474,316,11,305
Delaware County,Indiana,158,-301,1124,1425,460,121,339
Dubois County,Indiana,54,1,498,497,53,51,2
Elkhart County,Indiana,-464,977,2878,1901,-1450,475,-1925
Fayette County,Indiana,-27,-121,241,362,94,12,82
Floyd County,Indiana,188,-176,703,879,363,86,277
Fountain County,Indiana,111,-30,224,254,143,7,136
Franklin County,Indiana,13,-58,198,256,74,19,55
Fulton County,Indiana,-10,-49,234,283,39,14,25
Gibson County,Indiana,-98,-12,373,385,-87,19,-106
Grant County,Indiana,207,-293,745,1038,500,114,386
Greene County,Indiana,125,-88,343,431,213,33,180
Hamilton County,Indiana,6182,1910,4009,2099,4287,1568,2719
Hancock County,Indiana,3049,21,872,851,3039,62,2977
Harrison County,Indiana,216,-115,382,497,333,20,313
Hendricks County,Indiana,3268,504,1841,1337,2801,419,2382
Henry County,Indiana,114,-259,420,679,375,1,374
Howard County,Indiana,285,-270,947,1217,559,58,501
Huntington County,Indiana,-19,-80,412,492,62,37,25
Jackson County,Indiana,230,69,598,529,160,295,-135
Jasper County,Indiana,190,-28,384,412,219,4,215
Jay County,Indiana,-86,-16,279,295,-71,9,-80
Jefferson County,Indiana,120,-70,347,417,190,33,157
Jennings County,Indiana,138,-53,291,344,190,1,189
Johnson County,Indiana,2133,326,1886,1560,1812,206,1606
Knox County,Indiana,194,-60,411,471,255,84,171
Kosciusko County,Indiana,-200,53,903,850,-257,133,-390
LaGrange County,Indiana,53,363,668,305,-314,23,-337
Lake County,Indiana,941,246,5653,5407,689,708,-19
LaPorte County,Indiana,-116,-94,1180,1274,-26,35,-61
Lawrence County,Indiana,-147,-172,502,674,27,14,13
Madison County,Indiana,1121,-355,1402,1757,1474,37,1437
Marion County,Indiana,-763,4614,13736,9122,-5348,6055,-11403
Marshall County,Indiana,-26,48,567,519,-74,34,-108
Martin County,Indiana,70,17,144,127,55,-1,56
Miami County,Indiana,-144,-156,340,496,12,9,3
Monroe County,Indiana,-279,64,1146,1082,-360,913,-1273
Montgomery County,Indiana,254,-16,445,461,269,20,249
Morgan County,Indiana,967,-27,797,824,998,21,977
Newton County,Indiana,121,-67,152,219,189,25,164
Noble County,Indiana,196,75,603,528,120,60,60
Ohio County,Indiana,-93,-42,47,89,-52,2,-54
Orange County,Indiana,37,-91,213,304,131,2,129
Owen County,Indiana,45,-250,55,305,298,5,293
Parke County,Indiana,117,17,209,192,102,1,101
Perry County,Indiana,2,-75,164,239,78,25,53
Pike County,Indiana,-37,-55,130,185,19,-3,22
Porter County,Indiana,487,-36,1693,1729,529,182,347
Posey County,Indiana,-58,-40,205,245,-19,2,-21
Pulaski County,Indiana,-64,-84,123,207,19,14,5
Putnam County,Indiana,273,-64,350,414,337,46,291
Randolph County,Indiana,-134,-115,286,401,-19,21,-40
Ripley County,Indiana,197,-70,334,404,271,9,262
Rush County,Indiana,175,-20,200,220,197,11,186
St. Joseph County,Indiana,566,460,3286,2826,92,763,-671
Scott County,Indiana,157,-146,279,425,302,4,298
Shelby County,Indiana,42,-31,479,510,72,86,-14
Spencer County,Indiana,61,-83,187,270,146,9,137
Starke County,Indiana,3,-127,236,363,130,15,115
Steuben County,Indiana,145,-19,356,375,165,20,145
Sullivan County,Indiana,86,-58,212,270,147,7,140
Switzerland County,Indiana,10,-7,111,118,17,0,17
Tippecanoe County,Indiana,555,661,2028,1367,-124,1925,-2049
Tipton County,Indiana,-69,-75,148,223,6,6,0
Union County,Indiana,6,-28,62,90,34,1,33
Vanderburgh County,Indiana,247,51,2159,2108,193,196,-3
Vermillion County,Indiana,-16,-56,171,227,39,4,35
Vigo County,Indiana,71,-59,1167,1226,127,161,-34
Wabash County,Indiana,-172,-191,313,504,19,11,8
Warren County,Indiana,30,-8,87,95,39,4,35
Warrick County,Indiana,636,-89,584,673,732,73,659
Washington County,Indiana,34,-78,303,381,112,12,100
Wayne County,Indiana,-89,-195,748,943,106,83,23
Wells County,Indiana,257,-33,314,347,290,24,266
White County,Indiana,257,112,423,311,145,85,60
Whitley County,Indiana,165,14,377,363,152,6,146
Adair County,Iowa,-68,-35,85,120,-33,4,-37
Adams County,Iowa,-57,-17,39,56,-39,1,-40
Allamakee County,Iowa,56,22,177,155,34,61,-27
Appanoose County,Iowa,-22,-64,126,190,44,3,41
Audubon County,Iowa,-41,-22,61,83,-18,7,-25
Benton County,Iowa,54,16,263,247,39,13,26
Black Hawk County,Iowa,419,277,1629,1352,144,370,-226
Boone County,Iowa,11,-69,281,350,82,-1,83
Bremer County,Iowa,53,-6,250,256,61,24,37
Buchanan County,Iowa,2,31,254,223,-30,29,-59
Buena Vista County,Iowa,-77,123,304,181,-201,122,-323
Butler County,Iowa,-74,-40,152,192,-33,9,-42
Calhoun County,Iowa,38,-47,94,141,88,2,86
Carroll County,Iowa,-19,-36,250,286,17,26,-9
Cass County,Iowa,-7,-71,129,200,66,0,66
Cedar County,Iowa,-51,-67,160,227,15,10,5
Cerro Gordo County,Iowa,-20,-97,449,546,77,30,47
Cherokee County,Iowa,115,-49,125,174,166,-1,167
Chickasaw County,Iowa,-70,-15,132,147,-56,36,-92
Clarke County,Iowa,-55,-27,127,154,-29,12,-41
Clay County,Iowa,4,-25,165,190,29,2,27
Clayton County,Iowa,-88,-54,168,222,-34,15,-49
Clinton County,Iowa,-97,-69,549,618,-27,5,-32
Crawford County,Iowa,-116,67,228,161,-183,40,-223
Dallas County,Iowa,2946,814,1413,599,2126,218,1908
Davis County,Iowa,22,66,154,88,-44,32,-76
Decatur County,Iowa,-30,-12,86,98,-17,9,-26
Delaware County,Iowa,-7,15,201,186,-21,3,-24
Des Moines County,Iowa,11,-94,415,509,105,41,64
Dickinson County,Iowa,8,-54,154,208,63,7,56
Dubuque County,Iowa,172,97,1115,1018,74,105,-31
Emmet County,Iowa,15,-29,95,124,45,-4,49
Fayette County,Iowa,-56,-57,205,262,2,13,-11
Floyd County,Iowa,-22,-40,164,204,19,4,15
Franklin County,Iowa,-71,8,130,122,-79,13,-92
Fremont County,Iowa,-17,-28,67,95,10,1,9
Greene County,Iowa,-126,-40,89,129,-85,1,-86
Grundy County,Iowa,29,-8,141,149,38,6,32
Guthrie County,Iowa,41,-38,95,133,81,11,70
Hamilton County,Iowa,-74,-13,181,194,-62,15,-77
Hancock County,Iowa,-36,-29,120,149,-7,15,-22
Hardin County,Iowa,-151,-98,154,252,-54,76,-130
Harrison County,Iowa,-10,-28,157,185,18,1,17
Henry County,Iowa,-706,-49,194,243,-663,4,-667
Howard County,Iowa,-133,-4,127,131,-127,6,-133
Humboldt County,Iowa,-21,4,124,120,-25,22,-47
Ida County,Iowa,-72,-18,79,97,-53,3,-56
Iowa County,Iowa,-116,-25,185,210,-92,-2,-90
Jackson County,Iowa,-4,-29,208,237,26,13,13
Jasper County,Iowa,-30,-41,383,424,11,47,-36
Jefferson County,Iowa,-228,-45,144,189,-183,128,-311
Johnson County,Iowa,613,813,1690,877,-205,729,-934
Jones County,Iowa,-49,-35,192,227,-14,0,-14
Keokuk County,Iowa,31,-29,109,138,60,7,53
Kossuth County,Iowa,-69,-30,164,194,-40,8,-48
Lee County,Iowa,-264,-147,338,485,-119,-5,-114
Linn County,Iowa,32,558,2621,2063,-536,484,-1020
Louisa County,Iowa,-104,-7,113,120,-97,52,-149
Lucas County,Iowa,45,-9,115,124,54,4,50
Lyon County,Iowa,147,62,158,96,86,23,63
Madison County,Iowa,-69,25,194,169,-95,1,-96
Mahaska County,Iowa,-97,-34,232,266,-64,18,-82
Marion County,Iowa,140,-17,357,374,160,3,157
Marshall County,Iowa,193,-58,479,537,250,283,-33
Mills County,Iowa,98,-37,123,160,137,13,124
Mitchell County,Iowa,-26,-19,127,146,-7,29,-36
Monona County,Iowa,-13,-58,92,150,46,6,40
Monroe County,Iowa,-26,-28,83,111,2,0,2
Montgomery County,Iowa,-71,-59,98,157,-11,2,-13
Muscatine County,Iowa,-177,-1,467,468,-175,106,-281
O'Brien County,Iowa,-73,2,185,183,-74,42,-116
Osceola County,Iowa,-94,-24,60,84,-68,12,-80
Page County,Iowa,-162,-79,136,215,-83,5,-88
Palo Alto County,Iowa,20,-21,113,134,41,0,41
Plymouth County,Iowa,0,42,306,264,-42,47,-89
Pocahontas County,Iowa,-97,-26,77,103,-71,27,-98
Polk County,Iowa,4071,2417,6560,4143,1642,1579,63
Pottawattamie County,Iowa,114,-133,946,1079,245,203,42
Poweshiek County,Iowa,-65,-44,190,234,-20,18,-38
Ringgold County,Iowa,-46,-38,43,81,-8,1,-9
Sac County,Iowa,-3,-37,112,149,34,2,32
Scott County,Iowa,519,182,1904,1722,337,302,35
Shelby County,Iowa,95,-39,113,152,136,59,77
Sioux County,Iowa,119,241,508,267,-126,119,-245
Story County,Iowa,309,215,840,625,88,468,-380
Tama County,Iowa,-110,-10,203,213,-102,31,-133
Taylor County,Iowa,49,-11,75,86,61,19,42
Union County,Iowa,3,-66,104,170,72,59,13
Van Buren County,Iowa,14,7,100,93,8,1,7
Wapello County,Iowa,85,-18,453,471,105,140,-35
Warren County,Iowa,902,103,617,514,802,22,780
Washington County,Iowa,18,15,278,263,3,30,-27
Wayne County,Iowa,67,4,88,84,63,0,63
Webster County,Iowa,-167,-67,409,476,-103,107,-210
Winnebago County,Iowa,-68,-29,96,125,-37,5,-42
Winneshiek County,Iowa,-87,-31,179,210,-59,7,-66
Woodbury County,Iowa,393,409,1426,1017,-23,352,-375
Worth County,Iowa,-14,-14,79,93,-1,3,-4
Wright County,Iowa,-39,-12,169,181,-28,82,-110
Allen County,Kansas,-77,-72,124,196,-4,2,-6
Anderson County,Kansas,40,-2,102,104,43,0,43
Atchison County,Kansas,-37,-46,172,218,8,1,7
Barber County,Kansas,-53,-27,40,67,-26,0,-26
Barton County,Kansas,-159,-37,314,351,-123,12,-135
Bourbon County,Kansas,-35,-17,193,210,-18,-1,-17
Brown County,Kansas,-123,-43,113,156,-80,0,-80
Butler County,Kansas,343,13,747,734,334,85,249
Chase County,Kansas,11,4,36,32,6,0,6
Chautauqua County,Kansas,-40,-42,23,65,1,0,1
Cherokee County,Kansas,29,-135,166,301,167,-2,169
Cheyenne County,Kansas,18,1,40,39,18,-1,19
Clark County,Kansas,-92,-11,21,32,-79,0,-79
Clay County,Kansas,-34,-31,81,112,-3,0,-3
Cloud County,Kansas,-80,-46,110,156,-34,8,-42
Coffey County,Kansas,-1,-37,71,108,36,8,28
Comanche County,Kansas,-35,-14,17,31,-20,0,-20
Cowley County,Kansas,-266,-79,414,493,-190,11,-201
Crawford County,Kansas,-381,-46,449,495,-338,20,-358
Decatur County,Kansas,23,-31,27,58,56,1,55
Dickinson County,Kansas,90,-88,190,278,180,0,180
Doniphan County,Kansas,18,-35,74,109,52,6,46
Douglas County,Kansas,546,273,1069,796,267,322,-55
Edwards County,Kansas,-27,-30,29,59,1,6,-5
Elk County,Kansas,19,-31,19,50,50,0,50
Ellis County,Kansas,-30,41,269,228,-73,11,-84
Ellsworth County,Kansas,-26,-28,56,84,2,0,2
Finney County,Kansas,-173,240,560,320,-415,113,-528
Ford County,Kansas,56,326,602,276,-276,70,-346
Franklin County,Kansas,166,-47,283,330,213,4,209
Geary County,Kansas,-482,675,946,271,-1148,104,-1252
Gove County,Kansas,-7,-8,34,42,1,1,0
Graham County,Kansas,-21,-13,28,41,-8,0,-8
Grant County,Kansas,-103,55,116,61,-159,15,-174
Gray County,Kansas,32,20,84,64,13,6,7
Greeley County,Kansas,-51,-9,17,26,-41,0,-41
Greenwood County,Kansas,-38,-70,52,122,33,3,30
Hamilton County,Kansas,-15,19,45,26,-32,16,-48
Harper County,Kansas,35,1,80,79,34,-1,35
Harvey County,Kansas,-167,-152,348,500,-15,2,-17
Haskell County,Kansas,35,24,59,35,13,2,11
Hodgeman County,Kansas,-42,-31,11,42,-11,1,-12
Jackson County,Kansas,76,28,184,156,48,17,31
Jefferson County,Kansas,-27,-36,167,203,8,1,7
Jewell County,Kansas,-38,-30,29,59,-8,1,-9
Johnson County,Kansas,3146,2539,6982,4443,580,1030,-450
Kearny County,Kansas,-42,26,74,48,-69,-1,-68
Kingman County,Kansas,-108,-183,77,260,75,0,75
Kiowa County,Kansas,-31,-9,29,38,-23,7,-30
Labette County,Kansas,26,-83,207,290,110,4,106
Lane County,Kansas,-15,-14,18,32,-1,0,-1
Leavenworth County,Kansas,596,149,896,747,452,41,411
Lincoln County,Kansas,9,-13,29,42,24,0,24
Linn County,Kansas,83,-76,89,165,160,1,159
Logan County,Kansas,-38,-14,35,49,-25,1,-26
Lyon County,Kansas,141,56,370,314,85,105,-20
McPherson County,Kansas,28,-66,329,395,96,5,91
Marion County,Kansas,-93,-98,115,213,6,2,4
Marshall County,Kansas,-59,-36,97,133,-23,0,-23
Meade County,Kansas,-2,-10,49,59,8,5,3
Miami County,Kansas,529,-40,365,405,570,11,559
Mitchell County,Kansas,-11,-27,69,96,17,0,17
Montgomery County,Kansas,-285,-214,304,518,-72,9,-81
Morris County,Kansas,-66,-18,53,71,-48,4,-52
Morton County,Kansas,-21,-13,31,44,-7,5,-12
Nemaha County,Kansas,-50,10,130,120,-62,1,-63
Neosho County,Kansas,-163,-51,188,239,-112,10,-122
Ness County,Kansas,-39,-20,33,53,-20,5,-25
Norton County,Kansas,5,-5,48,53,9,4,5
Osage County,Kansas,119,-69,163,232,192,0,192
Osborne County,Kansas,-54,-21,36,57,-34,0,-34
Ottawa County,Kansas,12,-8,66,74,21,0,21
Pawnee County,Kansas,-62,-23,63,86,-39,0,-39
Phillips County,Kansas,-22,-22,54,76,0,1,-1
Pottawatomie County,Kansas,90,158,375,217,-69,13,-82
Pratt County,Kansas,9,-13,115,128,23,1,22
Rawlins County,Kansas,-60,-19,20,39,-40,0,-40
Reno County,Kansas,-55,-115,662,777,60,19,41
Republic County,Kansas,-26,-32,56,88,6,1,5
Rice County,Kansas,-110,-37,105,142,-73,7,-80
Riley County,Kansas,-161,323,744,421,-492,308,-800
Rooks County,Kansas,-32,-17,56,73,-15,1,-16
Rush County,Kansas,-111,-28,28,56,-83,1,-84
Russell County,Kansas,-10,-16,67,83,7,4,3
Saline County,Kansas,-291,-83,606,689,-209,63,-272
Scott County,Kansas,-85,0,72,72,-86,-4,-82
Sedgwick County,Kansas,3101,1505,6615,5110,1571,682,889
Seward County,Kansas,-278,229,393,164,-507,-3,-504
Shawnee County,Kansas,209,-4,1990,1994,210,54,156
Sheridan County,Kansas,-16,-13,28,41,-2,0,-2
Sherman County,Kansas,-32,19,81,62,-53,-4,-49
Smith County,Kansas,18,-10,42,52,27,0,27
Stafford County,Kansas,-62,-37,44,81,-24,-2,-22
Stanton County,Kansas,-66,-4,15,19,-61,-3,-58
Stevens County,Kansas,-89,10,65,55,-100,-4,-96
Sumner County,Kansas,-25,-89,220,309,66,-3,69
Thomas County,Kansas,-43,48,120,72,-91,7,-98
Trego County,Kansas,-15,-15,28,43,1,2,-1
Wabaunsee County,Kansas,48,-1,88,89,50,3,47
Wallace County,Kansas,16,9,28,19,7,0,7
Washington County,Kansas,11,-12,67,79,23,2,21
Wichita County,Kansas,4,10,40,30,-7,4,-11
Wilson County,Kansas,-172,-76,76,152,-96,0,-96
Woodson County,Kansas,-2,-29,25,54,27,0,27
Wyandotte County,Kansas,-345,735,2287,1552,-1065,689,-1754
Adair County,Kentucky,167,-68,197,265,235,18,217
Allen County,Kentucky,505,-9,268,277,514,-5,519
Anderson County,Kentucky,340,-21,249,270,360,7,353
Ballard County,Kentucky,-60,-69,59,128,10,-1,11
Barren County,Kentucky,136,-46,548,594,182,23,159
Bath County,Kentucky,147,-38,175,213,185,0,185
Bell County,Kentucky,-294,-170,289,459,-125,-2,-123
Boone County,Kentucky,1451,648,1723,1075,803,375,428
Bourbon County,Kentucky,25,-78,208,286,103,20,83
Boyd County,Kentucky,-233,-262,477,739,28,4,24
Boyle County,Kentucky,137,-74,311,385,208,20,188
Bracken County,Kentucky,-9,-21,94,115,13,5,8
Breathitt County,Kentucky,-405,-92,143,235,-310,1,-311
Breckinridge County,Kentucky,163,-64,254,318,226,2,224
Bullitt County,Kentucky,1089,-39,771,810,1132,103,1029
Butler County,Kentucky,10,-15,151,166,25,24,1
Caldwell County,Kentucky,-57,-15,167,182,-43,-7,-36
Calloway County,Kentucky,187,-121,356,477,308,47,261
Campbell County,Kentucky,430,110,967,857,314,43,271
Carlisle County,Kentucky,-15,-37,59,96,22,1,21
Carroll County,Kentucky,48,12,162,150,37,0,37
Carter County,Kentucky,23,-169,272,441,194,0,194
Casey County,Kentucky,7,-56,180,236,62,0,62
Christian County,Kentucky,-254,524,1295,771,-780,83,-863
Clark County,Kentucky,312,-82,410,492,395,6,389
Clay County,Kentucky,-226,-112,232,344,-116,5,-121
Clinton County,Kentucky,9,-48,107,155,56,10,46
Crittenden County,Kentucky,-17,-44,102,146,27,4,23
Cumberland County,Kentucky,31,-36,74,110,70,1,69
Daviess County,Kentucky,269,147,1308,1161,117,143,-26
Edmonson County,Kentucky,146,-72,108,180,218,0,218
Elliott County,Kentucky,-47,-45,52,97,-4,0,-4
Estill County,Kentucky,-88,-111,126,237,23,8,15
Fayette County,Kentucky,-127,1102,3696,2594,-1230,1414,-2644
Fleming County,Kentucky,164,-3,205,208,166,-2,168
Floyd County,Kentucky,-495,-288,367,655,-208,5,-213
Franklin County,Kentucky,96,-185,512,697,282,91,191
Fulton County,Kentucky,-33,-48,73,121,15,-1,16
Gallatin County,Kentucky,19,-1,112,113,20,4,16
Garrard County,Kentucky,263,-59,175,234,324,24,300
Grant County,Kentucky,145,56,361,305,88,1,87
Graves County,Kentucky,-32,-42,465,507,9,37,-28
Grayson County,Kentucky,182,-33,376,409,213,0,213
Green County,Kentucky,76,-47,117,164,122,0,122
Greenup County,Kentucky,-154,-228,301,529,75,-2,77
Hancock County,Kentucky,-107,-16,95,111,-90,0,-90
Hardin County,Kentucky,530,161,1369,1208,372,143,229
Harlan County,Kentucky,-328,-228,282,510,-100,0,-100
Harrison County,Kentucky,310,-31,255,286,342,0,342
Hart County,Kentucky,130,0,257,257,130,0,130
Henderson County,Kentucky,87,-70,514,584,158,16,142
Henry County,Kentucky,213,-21,198,219,235,4,231
Hickman County,Kentucky,13,-37,41,78,52,1,51
Hopkins County,Kentucky,3,-127,524,651,130,55,75
Jackson County,Kentucky,115,-32,161,193,147,-1,148
Jefferson County,Kentucky,-951,1163,9534,8371,-2124,3247,-5371
Jessamine County,Kentucky,781,76,618,542,703,95,608
Johnson County,Kentucky,-119,-147,231,378,27,5,22
Kenton County,Kentucky,1041,672,2158,1486,363,234,129
Knott County,Kentucky,-188,-146,108,254,-40,5,-45
Knox County,Kentucky,21,-120,377,497,140,11,129
Larue County,Kentucky,153,-45,158,203,199,-1,200
Laurel County,Kentucky,417,-98,705,803,515,16,499
Lawrence County,Kentucky,-97,-124,142,266,29,6,23
Lee County,Kentucky,20,-68,65,133,88,0,88
Leslie County,Kentucky,-185,-104,95,199,-80,0,-80
Letcher County,Kentucky,-404,-230,179,409,-174,0,-174
Lewis County,Kentucky,36,-50,161,211,88,0,88
Lincoln County,Kentucky,357,-70,312,382,427,-1,428
Livingston County,Kentucky,-76,-69,94,163,-7,0,-7
Logan County,Kentucky,427,-2,368,370,429,8,421
Lyon County,Kentucky,88,-84,53,137,173,14,159
McCracken County,Kentucky,62,-237,696,933,298,15,283
McCreary County,Kentucky,267,-99,180,279,364,5,359
McLean County,Kentucky,-53,-43,94,137,-11,-1,-10
Madison County,Kentucky,1584,116,1058,942,1470,63,1407
Magoffin County,Kentucky,-120,-81,130,211,-40,-1,-39
Marion County,Kentucky,86,-32,212,244,118,7,111
Marshall County,Kentucky,-46,-146,304,450,100,-2,102
Martin County,Kentucky,-168,-67,100,167,-101,-1,-100
Mason County,Kentucky,-62,-65,186,251,3,9,-6
Meade County,Kentucky,121,-40,267,307,160,19,141
Menifee County,Kentucky,50,-35,72,107,86,-1,87
Mercer County,Kentucky,197,-79,254,333,276,-1,277
Metcalfe County,Kentucky,74,-37,119,156,112,13,99
Monroe County,Kentucky,-47,-35,147,182,-13,-1,-12
Montgomery County,Kentucky,170,-47,326,373,218,6,212
Morgan County,Kentucky,137,-46,130,176,186,26,160
Muhlenberg County,Kentucky,-128,-109,339,448,-19,3,-22
Nelson County,Kentucky,371,11,553,542,358,40,318
Nicholas County,Kentucky,-100,-18,99,117,-82,0,-82
Ohio County,Kentucky,130,-90,256,346,221,70,151
Oldham County,Kentucky,739,73,546,473,679,79,600
Owen County,Kentucky,19,-42,109,151,61,2,59
Owsley County,Kentucky,43,-30,55,85,73,0,73
Pendleton County,Kentucky,107,-17,166,183,124,2,122
Perry County,Kentucky,-234,-199,312,511,-34,6,-40
Pike County,Kentucky,-344,-401,536,937,56,13,43
Powell County,Kentucky,-69,-48,166,214,-20,-1,-19
Pulaski County,Kentucky,424,-226,691,917,652,23,629
Robertson County,Kentucky,66,-18,20,38,85,2,83
Rockcastle County,Kentucky,-35,-120,162,282,85,0,85
Rowan County,Kentucky,37,-19,272,291,56,31,25
Russell County,Kentucky,94,-63,211,274,158,15,143
Scott County,Kentucky,1091,208,699,491,884,36,848
Shelby County,Kentucky,673,76,568,492,596,87,509
Simpson County,Kentucky,247,-45,211,256,295,-8,303
Spencer County,Kentucky,319,15,201,186,306,11,295
Taylor County,Kentucky,47,-78,324,402,125,15,110
Todd County,Kentucky,100,8,175,167,91,19,72
Trigg County,Kentucky,21,-63,158,221,85,0,85
Trimble County,Kentucky,80,-45,87,132,125,4,121
Union County,Kentucky,2,-39,164,203,40,1,39
Warren County,Kentucky,2183,691,1898,1207,1481,572,909
Washington County,Kentucky,207,-29,133,162,237,11,226
Wayne County,Kentucky,-54,-78,209,287,24,7,17
Webster County,Kentucky,-13,-18,172,190,6,20,-14
Whitley County,Kentucky,-83,-39,544,583,-46,9,-55
Wolfe County,Kentucky,-134,-60,88,148,-73,1,-74
Woodford County,Kentucky,215,-24,273,297,240,36,204
Acadia Parish,Louisiana,-236,28,834,806,-269,-7,-262
Allen Parish,Louisiana,-175,-93,237,330,-82,38,-120
Ascension Parish,Louisiana,1147,725,1631,906,421,75,346
Assumption Parish,Louisiana,-303,-100,210,310,-204,1,-205
Avoyelles Parish,Louisiana,-307,-136,442,578,-176,29,-205
Beauregard Parish,Louisiana,203,75,508,433,128,8,120
Bienville Parish,Louisiana,-246,-88,165,253,-158,4,-162
Bossier Parish,Louisiana,642,350,1573,1223,286,300,-14
Caddo Parish,Louisiana,-2548,-70,2748,2818,-2475,141,-2616
Calcasieu Parish,Louisiana,1473,439,2499,2060,1043,393,650
Caldwell Parish,Louisiana,-104,-63,85,148,-42,2,-44
Cameron Parish,Louisiana,-128,8,60,52,-139,-2,-137
Catahoula Parish,Louisiana,-190,-65,77,142,-125,1,-126
Claiborne Parish,Louisiana,-179,-54,142,196,-123,0,-123
Concordia Parish,Louisiana,-338,-182,105,287,-158,65,-223
De Soto Parish,Louisiana,258,-21,335,356,281,0,281
East Baton Rouge Parish,Louisiana,-1624,1295,5455,4160,-2935,1739,-4674
East Carroll Parish,Louisiana,-110,-49,63,112,-62,-1,-61
East Feliciana Parish,Louisiana,21,-108,175,283,132,0,132
Evangeline Parish,Louisiana,-279,8,453,445,-287,113,-400
Franklin Parish,Louisiana,-73,-59,235,294,-14,1,-15
Grant Parish,Louisiana,-129,-1,261,262,-125,13,-138
Iberia Parish,Louisiana,-661,28,873,845,-690,72,-762
Iberville Parish,Louisiana,4,-73,345,418,76,66,10
Jackson Parish,Louisiana,-70,-99,120,219,31,29,2
Jefferson Parish,Louisiana,-4253,979,5202,4223,-5192,2753,-7945
Jefferson Davis Parish,Louisiana,-376,-45,435,480,-330,-3,-327
Lafayette Parish,Louisiana,2036,1325,3388,2063,700,688,12
Lafourche Parish,Louisiana,-695,52,1115,1063,-750,22,-772
LaSalle Parish,Louisiana,-21,-22,169,191,0,8,-8
Lincoln Parish,Louisiana,-18,3,465,462,-22,21,-43
Livingston Parish,Louisiana,2089,497,1842,1345,1593,171,1422
Madison Parish,Louisiana,-234,-10,131,141,-222,4,-226
Morehouse Parish,Louisiana,-459,-211,269,480,-248,7,-255
Natchitoches Parish,Louisiana,-357,-84,425,509,-271,5,-276
Orleans Parish,Louisiana,-5781,724,4111,3387,-6504,964,-7468
Ouachita Parish,Louisiana,-136,268,2016,1748,-415,168,-583
Plaquemines Parish,Louisiana,-232,79,291,212,-311,27,-338
Pointe Coupee Parish,Louisiana,-212,-66,249,315,-144,21,-165
Rapides Parish,Louisiana,-768,-40,1631,1671,-739,78,-817
Red River Parish,Louisiana,-109,-35,95,130,-73,0,-73
Richland Parish,Louisiana,-72,-21,260,281,-52,24,-76
Sabine Parish,Louisiana,-68,-97,264,361,29,0,29
St. Bernard Parish,Louisiana,44,115,575,460,-73,64,-137
St. Charles Parish,Louisiana,-438,108,576,468,-548,5,-553
St. Helena Parish,Louisiana,-15,-72,96,168,58,37,21
St. James Parish,Louisiana,-197,-36,213,249,-162,8,-170
St. John the Baptist Parish,Louisiana,-363,15,471,456,-383,30,-413
St. Landry Parish,Louisiana,-215,77,1188,1111,-296,70,-366
St. Martin Parish,Louisiana,-192,54,630,576,-243,32,-275
St. Mary Parish,Louisiana,-764,-45,616,661,-716,105,-821
St. Tammany Parish,Louisiana,2346,591,3081,2490,1757,493,1264
Tangipahoa Parish,Louisiana,1265,450,1970,1520,803,68,735
Tensas Parish,Louisiana,-50,-68,18,86,18,0,18
Terrebonne Parish,Louisiana,-1016,125,1367,1242,-1142,130,-1272
Union Parish,Louisiana,-79,-143,195,338,65,12,53
Vermilion Parish,Louisiana,39,47,749,702,-10,1,-11
Vernon Parish,Louisiana,-620,371,814,443,-985,80,-1065
Washington Parish,Louisiana,-126,-121,566,687,-6,-1,-5
Webster Parish,Louisiana,-289,-247,393,640,-44,25,-69
West Baton Rouge Parish,Louisiana,232,59,337,278,170,14,156
West Carroll Parish,Louisiana,-158,-40,110,150,-119,1,-120
West Feliciana Parish,Louisiana,-25,-45,120,165,20,1,19
Winn Parish,Louisiana,-35,-71,135,206,35,61,-26
Androscoggin County,Maine,540,-293,1136,1429,824,346,478
Aroostook County,Maine,29,-444,640,1084,475,40,435
Cumberland County,Maine,1393,-137,2922,3059,1534,1133,401
Franklin County,Maine,233,-185,226,411,419,16,403
Hancock County,Maine,-23,-380,372,752,355,40,315
Kennebec County,Maine,724,-495,1110,1605,1219,127,1092
Knox County,Maine,-202,-262,280,542,62,20,42
Lincoln County,Maine,222,-192,258,450,414,2,412
Oxford County,Maine,447,-390,441,831,838,9,829
Penobscot County,Maine,584,-652,1298,1950,1237,205,1032
Piscataquis County,Maine,83,-176,130,306,259,8,251
Sagadahoc County,Maine,141,-126,315,441,269,14,255
Somerset County,Maine,184,-287,472,759,468,10,458
Waldo County,Maine,365,-172,359,531,533,7,526
Washington County,Maine,28,-242,287,529,269,17,252
York County,Maine,1636,-620,1699,2319,2250,215,2035
Allegany County,Maryland,7,-448,553,1001,460,33,427
Anne Arundel County,Maryland,1235,2401,6971,4570,-1207,1525,-2732
Baltimore County,Maryland,-1283,798,9375,8577,-2102,3663,-5765
Calvert County,Maryland,169,123,957,834,50,78,-28
Caroline County,Maryland,166,-7,423,430,171,103,68
Carroll County,Maryland,1167,37,1795,1758,1159,215,944
Cecil County,Maryland,802,-70,1124,1194,875,142,733
Charles County,Maryland,1862,303,1724,1421,1569,395,1174
Dorchester County,Maryland,296,-153,336,489,445,32,413
Frederick County,Maryland,5851,1106,3172,2066,4766,1215,3551
Garrett County,Maryland,-165,-174,215,389,10,6,4
Harford County,Maryland,829,211,2624,2413,629,148,481
Howard County,Maryland,635,1335,3236,1901,-722,1500,-2222
Kent County,Maryland,8,-167,145,312,176,37,139
Montgomery County,Maryland,5407,5297,11709,6412,38,11191,-11153
Prince George's County,Maryland,450,3665,10619,6954,-3171,9345,-12516
Queen Anne's County,Maryland,788,11,533,522,782,107,675
St. Mary's County,Maryland,498,380,1405,1025,114,210,-96
Somerset County,Maryland,302,-97,218,315,399,59,340
Talbot County,Maryland,9,-239,304,543,251,88,163
Washington County,Maryland,556,-346,1554,1900,905,212,693
Wicomico County,Maryland,314,75,1276,1201,233,467,-234
Worcester County,Maryland,237,-257,459,716,495,70,425
Baltimore city,Maryland,-3868,415,7242,6827,-4253,2136,-6389
Barnstable County,Massachusetts,-343,-1704,1504,3208,1375,836,539
Berkshire County,Massachusetts,-729,-797,888,1685,68,263,-195
Bristol County,Massachusetts,2097,-529,5475,6004,2623,2092,531
Dukes County,Massachusetts,-143,4,177,173,-148,176,-324
Essex County,Massachusetts,3590,1255,8482,7227,2297,5988,-3691
Franklin County,Massachusetts,-159,-259,495,754,101,152,-51
Hampden County,Massachusetts,-467,-143,4808,4951,-350,1581,-1931
Hampshire County,Massachusetts,-16,-482,937,1419,463,755,-292
Middlesex County,Massachusetts,7158,4145,16102,11957,2937,16339,-13402
Nantucket County,Massachusetts,1,71,159,88,-71,51,-122
Norfolk County,Massachusetts,2004,1140,7196,6056,809,5181,-4372
Plymouth County,Massachusetts,2060,106,5395,5289,1950,1722,228
Suffolk County,Massachusetts,-387,3278,8210,4932,-3601,10606,-14207
Worcester County,Massachusetts,3993,898,8559,7661,3045,4905,-1860
Alcona County,Michigan,92,-153,63,216,244,9,235
Alger County,Michigan,-16,-47,67,114,30,0,30
Allegan County,Michigan,649,64,1227,1163,583,97,486
Alpena County,Michigan,71,-178,269,447,250,4,246
Antrim County,Michigan,144,-132,187,319,279,17,262
Arenac County,Michigan,22,-115,132,247,137,0,137
Baraga County,Michigan,27,-47,69,116,73,0,73
Barry County,Michigan,406,-107,604,711,518,10,508
Bay County,Michigan,-138,-544,865,1409,410,14,396
Benzie County,Michigan,114,-93,138,231,209,13,196
Berrien County,Michigan,-574,-240,1584,1824,-338,225,-563
Branch County,Michigan,713,-3,530,533,710,135,575
Calhoun County,Michigan,-58,-153,1517,1670,93,94,-1
Cass County,Michigan,165,-155,446,601,321,13,308
Charlevoix County,Michigan,-14,-156,201,357,145,20,125
Cheboygan County,Michigan,84,-225,192,417,307,15,292
Chippewa County,Michigan,57,-154,291,445,210,43,167
Clare County,Michigan,9,-213,305,518,220,4,216
Clinton County,Michigan,68,-37,675,712,105,59,46
Crawford County,Michigan,104,-113,107,220,216,3,213
Delta County,Michigan,9,-214,314,528,224,-4,228
Dickinson County,Michigan,39,-129,212,341,171,7,164
Eaton County,Michigan,-34,-137,1075,1212,105,149,-44
Emmet County,Michigan,-92,-111,260,371,20,5,15
Genesee County,Michigan,-401,-635,4337,4972,221,331,-110
Gladwin County,Michigan,232,-224,226,450,456,0,456
Gogebic County,Michigan,-153,-125,77,202,-26,3,-29
Grand Traverse County,Michigan,123,-124,893,1017,246,54,192
Gratiot County,Michigan,264,-141,355,496,404,14,390
Hillsdale County,Michigan,-148,-158,446,604,10,13,-3
Houghton County,Michigan,439,-6,347,353,441,146,295
Huron County,Michigan,-218,-215,277,492,-2,17,-19
Ingham County,Michigan,1160,352,2908,2556,806,1240,-434
Ionia County,Michigan,-574,79,670,591,-662,11,-673
Iosco County,Michigan,-100,-268,200,468,169,11,158
Iron County,Michigan,35,-128,64,192,163,2,161
Isabella County,Michigan,-248,-64,593,657,-186,61,-247
Jackson County,Michigan,-334,-331,1611,1942,-6,78,-84
Kalamazoo County,Michigan,1323,320,2732,2412,994,842,152
Kalkaska County,Michigan,246,-55,184,239,298,4,294
Kent County,Michigan,2434,3038,8192,5154,-615,1838,-2453
Keweenaw County,Michigan,17,-24,10,34,41,0,41
Lake County,Michigan,83,-105,90,195,188,2,186
Lapeer County,Michigan,345,-326,769,1095,673,82,591
Leelanau County,Michigan,136,-104,187,291,242,10,232
Lenawee County,Michigan,-760,-452,739,1191,-308,105,-413
Livingston County,Michigan,623,-74,1629,1703,711,34,677
Luce County,Michigan,161,-27,56,83,185,-1,186
Mackinac County,Michigan,-111,-106,81,187,-5,48,-53
Macomb County,Michigan,866,-746,8630,9376,1608,1820,-212
Manistee County,Michigan,197,-163,194,357,362,15,347
Marquette County,Michigan,451,-176,561,737,619,37,582
Mason County,Michigan,-159,-178,232,410,21,14,7
Mecosta County,Michigan,317,-30,414,444,345,10,335
Menominee County,Michigan,-280,-240,73,313,-38,6,-44
Midland County,Michigan,277,4,862,858,276,88,188
Missaukee County,Michigan,79,-41,158,199,118,9,109
Monroe County,Michigan,-190,-596,1144,1740,408,116,292
Montcalm County,Michigan,945,-72,678,750,1009,87,922
Montmorency County,Michigan,121,-127,73,200,249,1,248
Muskegon County,Michigan,1025,-74,1875,1949,1098,91,1007
Newaygo County,Michigan,380,-95,493,588,474,34,440
Oakland County,Michigan,-599,1702,12666,10964,-2386,6558,-8944
Oceana County,Michigan,61,-44,268,312,105,66,39
Ogemaw County,Michigan,71,-192,179,371,261,17,244
Ontonagon County,Michigan,-15,-71,31,102,56,1,55
Osceola County,Michigan,51,-41,232,273,92,12,80
Oscoda County,Michigan,154,-87,77,164,242,2,240
Otsego County,Michigan,186,-107,237,344,294,15,279
Ottawa County,Michigan,2454,840,3121,2281,1616,234,1382
Presque Isle County,Michigan,-58,-119,89,208,61,5,56
Roscommon County,Michigan,181,-291,151,442,471,1,470
Saginaw County,Michigan,-591,-356,1998,2354,-243,89,-332
St. Clair County,Michigan,206,-656,1423,2079,869,60,809
St. Joseph County,Michigan,100,-89,645,734,186,49,137
Sanilac County,Michigan,-114,-199,396,595,85,29,56
Schoolcraft County,Michigan,-25,-70,59,129,45,7,38
Shiawassee County,Michigan,58,-140,665,805,203,14,189
Tuscola County,Michigan,-82,-220,495,715,138,31,107
Van Buren County,Michigan,129,-89,815,904,223,95,128
Washtenaw County,Michigan,-968,561,2936,2375,-1568,2074,-3642
Wayne County,Michigan,-7773,1603,20698,19095,-9454,5231,-14685
Wexford County,Michigan,104,-136,340,476,241,22,219
Aitkin County,Minnesota,-40,-142,101,243,103,9,94
Anoka County,Minnesota,3333,1617,4246,2629,1735,900,835
Becker County,Minnesota,-80,-68,343,411,-12,11,-23
Beltrami County,Minnesota,207,60,574,514,146,19,127
Benton County,Minnesota,91,77,478,401,9,124,-115
Big Stone County,Minnesota,-44,-23,54,77,-21,2,-23
Blue Earth County,Minnesota,403,116,700,584,285,243,42
Brown County,Minnesota,-134,-72,268,340,-61,32,-93
Carlton County,Minnesota,281,-72,390,462,351,15,336
Carver County,Minnesota,937,571,1217,646,366,155,211
Cass County,Minnesota,138,-147,285,432,285,9,276
Chippewa County,Minnesota,-97,-4,164,168,-94,56,-150
Chisago County,Minnesota,637,30,565,535,611,19,592
Clay County,Minnesota,398,-4,539,543,401,137,264
Clearwater County,Minnesota,6,-39,83,122,46,1,45
Cook County,Minnesota,-82,-16,31,47,-65,20,-85
Cottonwood County,Minnesota,-63,-35,130,165,-28,11,-39
Crow Wing County,Minnesota,420,-143,637,780,562,16,546
Dakota County,Minnesota,4168,1950,5038,3088,2235,1042,1193
Dodge County,Minnesota,96,102,268,166,-6,32,-38
Douglas County,Minnesota,269,-47,396,443,318,33,285
Faribault County,Minnesota,-57,-61,127,188,3,6,-3
Fillmore County,Minnesota,68,-19,227,246,88,29,59
Freeborn County,Minnesota,-168,-83,311,394,-85,20,-105
Goodhue County,Minnesota,-6,-66,486,552,57,37,20
Grant County,Minnesota,18,-10,69,79,29,4,25
Hennepin County,Minnesota,1647,5395,14847,9452,-3706,4530,-8236
Houston County,Minnesota,-145,-134,66,200,-10,1,-11
Hubbard County,Minnesota,169,-24,220,244,191,12,179
Isanti County,Minnesota,471,44,479,435,428,19,409
Itasca County,Minnesota,171,-276,383,659,450,1,449
Jackson County,Minnesota,21,-7,99,106,28,12,16
Kanabec County,Minnesota,153,-45,164,209,199,0,199
Kandiyohi County,Minnesota,42,89,527,438,-48,213,-261
Kittson County,Minnesota,-26,-31,30,61,6,7,-1
Koochiching County,Minnesota,-97,-85,100,185,-11,1,-12
Lac qui Parle County,Minnesota,-26,-44,58,102,20,0,20
Lake County,Minnesota,-57,-88,83,171,30,0,30
Lake of the Woods County,Minnesota,-108,-12,38,50,-95,0,-95
Le Sueur County,Minnesota,131,36,320,284,95,63,32
Lincoln County,Minnesota,-55,-56,46,102,2,5,-3
Lyon County,Minnesota,-6,51,294,243,-58,135,-193
McLeod County,Minnesota,51,-29,380,409,80,51,29
Mahnomen County,Minnesota,-59,-27,63,90,-32,1,-33
Marshall County,Minnesota,-79,-14,82,96,-66,2,-68
Martin County,Minnesota,1,-79,222,301,83,8,75
Meeker County,Minnesota,-36,16,259,243,-52,16,-68
Mille Lacs County,Minnesota,132,-83,290,373,214,0,214
Morrison County,Minnesota,13,-65,344,409,79,4,75
Mower County,Minnesota,8,58,499,441,-51,227,-278
Murray County,Minnesota,9,-49,60,109,59,9,50
Nicollet County,Minnesota,-101,32,325,293,-133,58,-191
Nobles County,Minnesota,-231,126,309,183,-357,135,-492
Norman County,Minnesota,-42,-31,55,86,-10,9,-19
Olmsted County,Minnesota,748,773,2010,1237,-31,565,-596
Otter Tail County,Minnesota,82,-132,623,755,216,20,196
Pennington County,Minnesota,-102,-13,139,152,-88,9,-97
Pine County,Minnesota,664,-86,300,386,746,14,732
Pipestone County,Minnesota,-82,-27,106,133,-54,19,-73
Polk County,Minnesota,-313,-81,292,373,-233,55,-288
Pope County,Minnesota,-20,-21,126,147,2,9,-7
Ramsey County,Minnesota,-1228,1961,6677,4716,-3158,2641,-5799
Red Lake County,Minnesota,30,3,46,43,29,0,29
Redwood County,Minnesota,-70,7,190,183,-78,8,-86
Renville County,Minnesota,-125,-69,134,203,-54,6,-60
Rice County,Minnesota,425,69,671,602,353,268,85
Rock County,Minnesota,-3,-63,58,121,60,5,55
Roseau County,Minnesota,-82,6,176,170,-89,9,-98
St. Louis County,Minnesota,956,-405,1844,2249,1344,80,1264
Scott County,Minnesota,1391,844,1732,888,543,411,132
Sherburne County,Minnesota,1666,486,1183,697,1191,96,1095
Sibley County,Minnesota,156,19,186,167,140,16,124
Stearns County,Minnesota,735,733,1962,1229,-12,696,-708
Steele County,Minnesota,-8,53,435,382,-64,45,-109
Stevens County,Minnesota,113,36,110,74,77,58,19
Swift County,Minnesota,-52,21,114,93,-75,26,-101
Todd County,Minnesota,134,54,306,252,83,69,14
Traverse County,Minnesota,-106,-38,24,62,-68,3,-71
Wabasha County,Minnesota,31,4,222,218,28,7,21
Wadena County,Minnesota,5,-31,189,220,37,23,14
Waseca County,Minnesota,67,10,198,188,58,17,41
Washington County,Minnesota,2767,866,2796,1930,1923,527,1396
Watonwan County,Minnesota,-29,45,174,129,-73,108,-181
Wilkin County,Minnesota,-52,-43,46,89,-9,-1,-8
Winona County,Minnesota,252,-95,336,431,343,107,236
Wright County,Minnesota,3032,832,1890,1058,2211,132,2079
Yellow Medicine County,Minnesota,-17,-15,90,105,-2,26,-28
Adams County,Mississippi,229,-105,311,416,333,459,-126
Alcorn County,Mississippi,-12,-88,383,471,77,22,55
Amite County,Mississippi,-117,-104,114,218,-12,2,-14
Attala County,Mississippi,-171,-65,216,281,-107,-1,-106
Benton County,Mississippi,-118,-53,72,125,-65,1,-66
Bolivar County,Mississippi,-493,-34,407,441,-456,53,-509
Calhoun County,Mississippi,-161,-54,166,220,-106,28,-134
Carroll County,Mississippi,-201,-75,72,147,-126,0,-126
Chickasaw County,Mississippi,3,-3,233,236,5,0,5
Choctaw County,Mississippi,-7,-21,88,109,15,-2,17
Claiborne County,Mississippi,-158,-15,104,119,-143,20,-163
Clarke County,Mississippi,25,-60,178,238,86,-1,87
Clay County,Mississippi,-105,-57,212,269,-48,0,-48
Coahoma County,Mississippi,-158,-32,303,335,-124,165,-289
Copiah County,Mississippi,-48,-45,323,368,0,96,-96
Covington County,Mississippi,-83,-26,250,276,-57,-2,-55
DeSoto County,Mississippi,2103,-57,1655,1712,2176,230,1946
Forrest County,Mississippi,232,123,1006,883,108,200,-92
Franklin County,Mississippi,-1,-45,89,134,45,2,43
George County,Mississippi,420,41,384,343,378,34,344
Greene County,Mississippi,35,-3,134,137,40,-1,41
Grenada County,Mississippi,-69,-78,232,310,10,13,-3
Hancock County,Mississippi,152,-139,425,564,288,33,255
Harrison County,Mississippi,169,127,2435,2308,47,497,-450
Hinds County,Mississippi,-2685,463,2765,2302,-3144,437,-3581
Holmes County,Mississippi,-334,-74,205,279,-261,1,-262
Humphreys County,Mississippi,-138,-41,97,138,-96,5,-101
Issaquena County,Mississippi,-6,-9,4,13,3,0,3
Itawamba County,Mississippi,122,-16,301,317,138,4,134
Jackson County,Mississippi,1426,128,1634,1506,1303,325,978
Jasper County,Mississippi,-64,-93,202,295,28,0,28
Jefferson County,Mississippi,-126,-34,67,101,-92,3,-95
Jefferson Davis County,Mississippi,-110,-68,118,186,-41,-1,-40
Jones County,Mississippi,-190,25,920,895,-214,49,-263
Kemper County,Mississippi,-86,-49,77,126,-36,-2,-34
Lafayette County,Mississippi,737,110,589,479,629,215,414
Lamar County,Mississippi,471,250,773,523,220,49,171
Lauderdale County,Mississippi,-615,-94,825,919,-523,87,-610
Lawrence County,Mississippi,-20,-29,159,188,9,-1,10
Leake County,Mississippi,55,23,324,301,31,114,-83
Lee County,Mississippi,-25,71,1090,1019,-103,61,-164
Leflore County,Mississippi,-286,-16,382,398,-270,50,-320
Lincoln County,Mississippi,-62,-81,408,489,18,17,1
Lowndes County,Mississippi,-388,49,729,680,-438,43,-481
Madison County,Mississippi,1240,258,1276,1018,981,374,607
Marion County,Mississippi,58,-76,287,363,135,-1,136
Marshall County,Mississippi,218,-197,339,536,413,13,400
Monroe County,Mississippi,41,-115,386,501,157,-1,158
Montgomery County,Mississippi,37,-32,123,155,68,-1,69
Neshoba County,Mississippi,-15,14,431,417,-30,11,-41
Newton County,Mississippi,-4,-5,289,294,-1,5,-6
Noxubee County,Mississippi,-86,8,151,143,-94,0,-94
Oktibbeha County,Mississippi,-181,97,490,393,-284,272,-556
Panola County,Mississippi,77,-74,379,453,151,0,151
Pearl River County,Mississippi,795,-128,650,778,924,45,879
Perry County,Mississippi,-83,-68,128,196,-14,0,-14
Pike County,Mississippi,-293,-60,516,576,-235,6,-241
Pontotoc County,Mississippi,168,1,415,414,166,39,127
Prentiss County,Mississippi,244,-51,285,336,294,101,193
Quitman County,Mississippi,-128,-68,59,127,-61,4,-65
Rankin County,Mississippi,1439,399,1740,1341,1049,223,826
Scott County,Mississippi,-53,89,445,356,-140,140,-280
Sharkey County,Mississippi,-126,-35,43,78,-91,0,-91
Simpson County,Mississippi,92,-20,341,361,112,13,99
Smith County,Mississippi,17,-23,180,203,42,1,41
Stone County,Mississippi,115,-38,213,251,154,2,152
Sunflower County,Mississippi,-369,-74,285,359,-297,37,-334
Tallahatchie County,Mississippi,-230,-55,134,189,-175,25,-200
Tate County,Mississippi,2,-97,292,389,96,9,87
Tippah County,Mississippi,-151,-51,255,306,-100,18,-118
Tishomingo County,Mississippi,-114,-145,205,350,30,-2,32
Tunica County,Mississippi,-173,-48,111,159,-125,0,-125
Union County,Mississippi,152,3,358,355,147,14,133
Walthall County,Mississippi,39,-46,177,223,85,20,65
Warren County,Mississippi,-337,-81,501,582,-258,70,-328
Washington County,Mississippi,-578,-66,565,631,-517,-1,-516
Wayne County,Mississippi,120,-18,260,278,141,35,106
Webster County,Mississippi,44,-57,132,189,100,0,100
Wilkinson County,Mississippi,-145,-17,100,117,-126,0,-126
Winston County,Mississippi,-88,-76,201,277,-12,4,-16
Yalobusha County,Mississippi,-27,-53,136,189,27,0,27
Yazoo County,Mississippi,-97,-46,289,335,-51,21,-72
Adair County,Missouri,-29,19,275,256,-49,101,-150
Andrew County,Missouri,111,-14,169,183,127,0,127
Atchison County,Missouri,-54,-47,46,93,-7,0,-7
Audrain County,Missouri,-88,-44,287,331,-47,0,-47
Barry County,Missouri,321,-81,407,488,402,2,400
Barton County,Missouri,36,-33,133,166,71,-1,72
Bates County,Missouri,72,-63,179,242,135,4,131
Benton County,Missouri,319,-203,159,362,524,-5,529
Bollinger County,Missouri,13,-28,130,158,41,0,41
Boone County,Missouri,1742,615,1954,1339,1121,697,424
Buchanan County,Missouri,65,-29,989,1018,93,151,-58
Butler County,Missouri,-218,-148,513,661,-71,1,-72
Caldwell County,Missouri,16,-29,102,131,46,3,43
Callaway County,Missouri,8,-27,460,487,36,1,35
Camden County,Missouri,284,-222,366,588,504,-2,506
Cape Girardeau County,Missouri,53,26,897,871,23,83,-60
Carroll County,Missouri,-29,-26,88,114,-3,-2,-1
Carter County,Missouri,49,-5,84,89,54,-1,55
Cass County,Missouri,1375,29,1199,1170,1349,-7,1356
Cedar County,Missouri,71,-13,213,226,83,-1,84
Chariton County,Missouri,4,-43,76,119,47,6,41
Christian County,Missouri,1300,178,1045,867,1128,54,1074
Clark County,Missouri,-74,-13,81,94,-63,0,-63
Clay County,Missouri,2842,912,2984,2072,1922,378,1544
Clinton County,Missouri,245,-22,232,254,270,-2,272
Cole County,Missouri,322,60,812,752,263,92,171
Cooper County,Missouri,184,-26,184,210,212,0,212
Crawford County,Missouri,60,-140,237,377,200,7,193
Dade County,Missouri,51,-64,61,125,115,2,113
Dallas County,Missouri,181,-44,211,255,226,8,218
Daviess County,Missouri,94,11,115,104,84,1,83
DeKalb County,Missouri,-1411,-37,97,134,-1388,-6,-1382
Dent County,Missouri,159,-108,149,257,269,-2,271
Douglas County,Missouri,247,-64,147,211,314,4,310
Dunklin County,Missouri,-379,-131,349,480,-248,8,-256
Franklin County,Missouri,611,-155,1090,1245,769,15,754
Gasconade County,Missouri,-67,-89,145,234,23,-1,24
Gentry County,Missouri,13,-16,78,94,30,1,29
Greene County,Missouri,1414,15,3262,3247,1387,363,1024
Grundy County,Missouri,-29,-11,143,154,-17,6,-23
Harrison County,Missouri,3,-28,84,112,32,7,25
Henry County,Missouri,64,-94,249,343,159,2,157
Hickory County,Missouri,143,-96,92,188,238,1,237
Holt County,Missouri,-6,-30,46,76,25,6,19
Howard County,Missouri,-78,-32,95,127,-46,1,-47
Howell County,Missouri,112,-179,445,624,293,-8,301
Iron County,Missouri,27,-100,86,186,129,6,123
Jackson County,Missouri,2342,1453,8531,7078,877,1262,-385
Jasper County,Missouri,1040,151,1579,1428,882,119,763
Jefferson County,Missouri,2010,-46,2281,2327,2059,37,2022
Johnson County,Missouri,513,218,712,494,293,112,181
Knox County,Missouri,-54,-15,47,62,-39,0,-39
Laclede County,Missouri,335,-24,470,494,358,10,348
Lafayette County,Missouri,229,-81,355,436,311,-2,313
Lawrence County,Missouri,183,-33,494,527,218,6,212
Lewis County,Missouri,-68,-48,96,144,-19,2,-21
Lincoln County,Missouri,1517,221,813,592,1295,22,1273
Linn County,Missouri,-35,-40,135,175,5,0,5
Livingston County,Missouri,222,-56,156,212,279,5,274
McDonald County,Missouri,310,43,342,299,264,89,175
Macon County,Missouri,85,-40,173,213,125,5,120
Madison County,Missouri,-59,-81,127,208,21,10,11
Maries County,Missouri,-2,-36,97,133,35,6,29
Marion County,Missouri,-153,-48,339,387,-104,22,-126
Mercer County,Missouri,3,1,51,50,2,6,-4
Miller County,Missouri,187,-15,305,320,200,-3,203
Mississippi County,Missouri,157,-70,144,214,226,0,226
Moniteau County,Missouri,-4,20,199,179,-23,4,-27
Monroe County,Missouri,63,-30,93,123,96,7,89
Montgomery County,Missouri,-20,-65,123,188,44,0,44
Morgan County,Missouri,184,-62,260,322,245,-3,248
New Madrid County,Missouri,-286,-108,188,296,-176,-2,-174
Newton County,Missouri,581,-61,692,753,647,122,525
Nodaway County,Missouri,-20,35,214,179,-55,25,-80
Oregon County,Missouri,17,-78,106,184,97,1,96
Osage County,Missouri,70,10,164,154,61,0,61
Ozark County,Missouri,16,-78,83,161,93,2,91
Pemiscot County,Missouri,-252,-104,181,285,-148,16,-164
Perry County,Missouri,72,-15,206,221,87,11,76
Pettis County,Missouri,133,77,581,504,55,87,-32
Phelps County,Missouri,11,-110,431,541,122,166,-44
Pike County,Missouri,291,-23,194,217,314,0,314
Platte County,Missouri,1370,339,1205,866,1034,207,827
Polk County,Missouri,121,-28,381,409,150,19,131
Pulaski County,Missouri,2,294,712,418,-291,37,-328
Putnam County,Missouri,-24,-24,61,85,0,3,-3
Ralls County,Missouri,79,-35,99,134,115,1,114
Randolph County,Missouri,-517,-44,282,326,-478,2,-480
Ray County,Missouri,61,-93,245,338,158,-2,160
Reynolds County,Missouri,-46,-44,59,103,-3,-1,-2
Ripley County,Missouri,92,-87,133,220,182,-3,185
St. Charles County,Missouri,2861,725,4078,3353,2152,550,1602
St. Clair County,Missouri,157,-36,116,152,193,5,188
Ste. Genevieve County,Missouri,29,-45,182,227,76,0,76
St. Francois County,Missouri,152,-249,654,903,397,30,367
St. Louis County,Missouri,-3732,-329,10035,10364,-3467,2107,-5574
Saline County,Missouri,46,-52,242,294,99,33,66
Schuyler County,Missouri,53,3,62,59,51,5,46
Scotland County,Missouri,29,24,83,59,4,-1,5
Scott County,Missouri,21,-59,467,526,78,5,73
Shannon County,Missouri,22,-37,87,124,60,1,59
Shelby County,Missouri,-65,-27,65,92,-36,6,-42
Stoddard County,Missouri,7,-116,331,447,121,-1,122
Stone County,Missouri,524,-193,272,465,721,10,711
Sullivan County,Missouri,-19,-15,66,81,-3,8,-11
Taney County,Missouri,26,-142,579,721,165,-9,174
Texas County,Missouri,315,-112,276,388,426,-2,428
Vernon County,Missouri,111,-86,236,322,198,9,189
Warren County,Missouri,516,18,440,422,492,-1,493
Washington County,Missouri,142,-101,265,366,244,3,241
Wayne County,Missouri,-6,-100,116,216,92,2,90
Webster County,Missouri,1106,145,609,464,960,15,945
Worth County,Missouri,-33,-18,23,41,-16,0,-16
Wright County,Missouri,260,-40,251,291,302,-1,303
St. Louis city,Missouri,-4439,316,3415,3099,-4705,698,-5403
Beaverhead County,Montana,138,-29,87,116,167,2,165
Big Horn County,Montana,-75,-5,155,160,-70,-2,-68
Blaine County,Montana,-73,15,84,69,-87,0,-87
Broadwater County,Montana,261,-3,84,87,263,2,261
Carbon County,Montana,183,-29,76,105,211,12,199
Carter County,Montana,15,2,14,12,14,0,14
Cascade County,Montana,-101,62,948,886,-162,8,-170
Chouteau County,Montana,-61,-32,34,66,-29,3,-32
Custer County,Montana,-15,-43,104,147,28,-1,29
Daniels County,Montana,-12,-5,15,20,-7,0,-7
Dawson County,Montana,3,-44,84,128,48,3,45
Deer Lodge County,Montana,129,-53,70,123,180,6,174
Fallon County,Montana,-56,0,33,33,-56,-1,-55
Fergus County,Montana,100,-59,104,163,159,1,158
Flathead County,Montana,1794,65,1157,1092,1728,85,1643
Gallatin County,Montana,1471,660,1266,606,799,113,686
Garfield County,Montana,-7,1,19,18,-8,0,-8
Glacier County,Montana,-41,-7,164,171,-35,1,-36
Golden Valley County,Montana,9,-12,5,17,22,0,22
Granite County,Montana,98,-8,29,37,107,0,107
Hill County,Montana,158,56,233,177,102,-3,105
Jefferson County,Montana,217,-51,110,161,268,23,245
Judith Basin County,Montana,14,-1,19,20,17,1,16
Lake County,Montana,485,-34,311,345,517,3,514
Lewis and Clark County,Montana,1227,10,699,689,1219,36,1183
Liberty County,Montana,0,5,20,15,-5,-2,-3
Lincoln County,Montana,385,-140,168,308,527,5,522
McCone County,Montana,-35,2,26,24,-36,0,-36
Madison County,Montana,269,-40,63,103,309,13,296
Meagher County,Montana,45,4,22,18,42,0,42
Mineral County,Montana,70,-44,34,78,112,1,111
Missoula County,Montana,838,173,1113,940,658,76,582
Musselshell County,Montana,139,-51,39,90,191,-1,192
Park County,Montana,150,-61,138,199,212,4,208
Petroleum County,Montana,33,3,11,8,31,0,31
Phillips County,Montana,21,-11,44,55,32,0,32
Pondera County,Montana,33,11,71,60,21,6,15
Powder River County,Montana,11,-4,18,22,15,0,15
Powell County,Montana,55,-40,41,81,96,-1,97
Prairie County,Montana,4,-7,5,12,12,3,9
Ravalli County,Montana,561,-173,408,581,734,15,719
Richland County,Montana,-57,24,144,120,-83,28,-111
Roosevelt County,Montana,-218,-40,145,185,-177,4,-181
Rosebud County,Montana,8,5,120,115,4,23,-19
Sanders County,Montana,300,-100,109,209,399,2,397
Sheridan County,Montana,-57,-24,34,58,-32,1,-33
Silver Bow County,Montana,413,-142,354,496,555,60,495
Stillwater County,Montana,4,-40,87,127,44,-2,46
Sweet Grass County,Montana,36,-16,24,40,51,0,51
Teton County,Montana,84,-23,64,87,110,1,109
Toole County,Montana,56,-18,49,67,73,14,59
Treasure County,Montana,18,0,9,9,19,0,19
Valley County,Montana,-68,-5,84,89,-63,9,-72
Wheatland County,Montana,19,-7,26,33,25,0,25
Wibaux County,Montana,-17,-11,10,21,-6,0,-6
Yellowstone County,Montana,973,143,1822,1679,829,58,771
Adams County,Nebraska,-48,16,386,370,-66,115,-181
Antelope County,Nebraska,-3,10,82,72,-12,7,-19
Arthur County,Nebraska,-13,-1,4,5,-12,0,-12
Banner County,Nebraska,17,0,6,6,17,1,16
Blaine County,Nebraska,-16,-1,7,8,-14,0,-14
Boone County,Nebraska,-56,-13,66,79,-42,4,-46
Box Butte County,Nebraska,9,-26,110,136,35,45,-10
Boyd County,Nebraska,-5,-29,10,39,25,0,25
Brown County,Nebraska,-30,-4,37,41,-25,4,-29
Buffalo County,Nebraska,165,178,606,428,-15,49,-64
Burt County,Nebraska,-43,-24,64,88,-19,1,-20
Butler County,Nebraska,16,-9,96,105,26,0,26
Cass County,Nebraska,294,3,262,259,292,19,273
Cedar County,Nebraska,-104,-18,84,102,-86,0,-86
Chase County,Nebraska,-30,-17,42,59,-14,12,-26
Cherry County,Nebraska,7,20,76,56,-14,0,-14
Cheyenne County,Nebraska,15,-26,103,129,41,15,26
Clay County,Nebraska,67,-2,79,81,72,6,66
Colfax County,Nebraska,113,92,158,66,23,220,-197
Cuming County,Nebraska,-35,8,121,113,-43,13,-56
Custer County,Nebraska,77,-2,130,132,81,0,81
Dakota County,Nebraska,152,195,375,180,-43,163,-206
Dawes County,Nebraska,-119,-25,80,105,-93,-2,-91
Dawson County,Nebraska,180,128,369,241,49,247,-198
Deuel County,Nebraska,-30,-3,20,23,-26,0,-26
Dixon County,Nebraska,-25,-3,60,63,-21,23,-44
Dodge County,Nebraska,142,41,489,448,100,37,63
Douglas County,Nebraska,3434,3280,7842,4562,139,2066,-1927
Dundy County,Nebraska,-34,3,18,15,-37,0,-37
Fillmore County,Nebraska,7,-26,61,87,32,0,32
Franklin County,Nebraska,-25,-25,24,49,0,0,0
Frontier County,Nebraska,-26,-13,19,32,-11,0,-11
Furnas County,Nebraska,-14,-1,56,57,-12,5,-17
Gage County,Nebraska,70,-131,206,337,204,9,195
Garden County,Nebraska,-41,-19,17,36,-21,0,-21
Garfield County,Nebraska,-24,-18,22,40,-5,0,-5
Gosper County,Nebraska,12,-8,17,25,21,0,21
Grant County,Nebraska,-19,6,8,2,-25,0,-25
Greeley County,Nebraska,-16,1,26,25,-16,0,-16
Hall County,Nebraska,101,320,923,603,-224,333,-557
Hamilton County,Nebraska,98,0,108,108,100,0,100
Harlan County,Nebraska,13,-24,32,56,40,3,37
Hayes County,Nebraska,-18,2,10,8,-20,7,-27
Hitchcock County,Nebraska,-62,-16,29,45,-47,0,-47
Holt County,Nebraska,80,6,129,123,74,35,39
Hooker County,Nebraska,-3,-5,6,11,2,0,2
Howard County,Nebraska,18,-11,78,89,29,6,23
Jefferson County,Nebraska,-86,-46,78,124,-41,5,-46
Johnson County,Nebraska,-47,-30,37,67,-17,9,-26
Kearney County,Nebraska,64,7,80,73,56,24,32
Keith County,Nebraska,-66,-49,81,130,-16,0,-16
Keya Paha County,Nebraska,0,-1,5,6,1,0,1
Kimball County,Nebraska,-47,-23,26,49,-23,9,-32
Knox County,Nebraska,-9,-37,83,120,30,3,27
Lancaster County,Nebraska,2282,1135,3664,2529,1131,1088,43
Lincoln County,Nebraska,-249,-138,343,481,-112,15,-127
Logan County,Nebraska,-30,2,6,4,-33,1,-34
Loup County,Nebraska,-9,-2,3,5,-6,0,-6
McPherson County,Nebraska,4,4,4,0,-1,0,-1
Madison County,Nebraska,213,98,466,368,115,35,80
Merrick County,Nebraska,40,-12,86,98,53,8,45
Morrill County,Nebraska,-18,-17,57,74,-1,5,-6
Nance County,Nebraska,-43,-19,38,57,-24,0,-24
Nemaha County,Nebraska,40,-13,82,95,54,1,53
Nuckolls County,Nebraska,26,-14,43,57,41,0,41
Otoe County,Nebraska,149,-3,197,200,152,81,71
Pawnee County,Nebraska,-19,-12,31,43,-7,2,-9
Perkins County,Nebraska,-32,-14,24,38,-19,13,-32
Phelps County,Nebraska,69,3,117,114,67,7,60
Pierce County,Nebraska,-18,16,93,77,-35,20,-55
Platte County,Nebraska,254,148,454,306,106,161,-55
Polk County,Nebraska,-12,-22,54,76,12,16,-4
Red Willow County,Nebraska,-71,-55,108,163,-16,3,-19
Richardson County,Nebraska,-41,-50,71,121,7,-1,8
Rock County,Nebraska,30,-10,15,25,39,0,39
Saline County,Nebraska,7,38,172,134,-32,59,-91
Sarpy County,Nebraska,3459,1085,2363,1278,2370,301,2069
Saunders County,Nebraska,286,3,244,241,285,5,280
Scotts Bluff County,Nebraska,-70,-1,433,434,-69,77,-146
Seward County,Nebraska,46,-19,172,191,65,2,63
Sheridan County,Nebraska,-78,-25,46,71,-53,4,-57
Sherman County,Nebraska,-23,-7,32,39,-17,0,-17
Sioux County,Nebraska,27,-1,12,13,28,5,23
Stanton County,Nebraska,91,16,62,46,77,0,77
Thayer County,Nebraska,-25,-38,50,88,14,1,13
Thomas County,Nebraska,12,-3,8,11,16,0,16
Thurston County,Nebraska,2,23,132,109,-22,6,-28
Valley County,Nebraska,-46,-6,51,57,-38,0,-38
Washington County,Nebraska,-15,-6,205,211,-9,12,-21
Wayne County,Nebraska,-25,35,107,72,-60,10,-70
Webster County,Nebraska,12,-31,33,64,42,0,42
Wheeler County,Nebraska,-7,5,13,8,-11,0,-11
York County,Nebraska,44,-24,161,185,69,11,58
Churchill County,Nevada,5,-96,280,376,102,-4,106
Clark County,Nevada,14038,4834,24876,20042,9097,3693,5404
Douglas County,Nevada,-117,-287,326,613,170,-2,172
Elko County,Nevada,314,71,566,495,238,-15,253
Esmeralda County,Nevada,-11,-9,3,12,-2,1,-3
Eureka County,Nevada,54,-10,18,28,65,6,59
Humboldt County,Nevada,-160,-4,198,202,-155,7,-162
Lander County,Nevada,8,-14,60,74,22,-1,23
Lincoln County,Nevada,12,-39,30,69,51,0,51
Lyon County,Nevada,955,-202,633,835,1158,-30,1188
Mineral County,Nevada,-9,-53,35,88,44,-1,45
Nye County,Nevada,951,-623,368,991,1571,-21,1592
Pershing County,Nevada,-86,-40,50,90,-46,5,-51
Storey County,Nevada,12,-31,18,49,45,0,45
Washoe County,Nevada,1042,670,5003,4333,372,613,-241
White Pine County,Nevada,-224,-44,67,111,-181,-3,-178
Carson City,Nevada,-29,-390,524,914,357,18,339
Belknap County,New Hampshire,322,-373,458,831,696,-21,717
Carroll County,New Hampshire,294,-348,310,658,642,4,638
Cheshire County,New Hampshire,240,-227,656,883,468,5,463
Coos County,New Hampshire,-104,-345,224,569,241,1,240
Grafton County,New Hampshire,15,-316,662,978,332,82,250
Hillsborough County,New Hampshire,-139,218,4170,3952,-363,593,-956
Merrimack County,New Hampshire,644,-305,1298,1603,944,60,884
Rockingham County,New Hampshire,1056,-68,2877,2945,1133,80,1053
Strafford County,New Hampshire,672,-154,1155,1309,823,36,787
Sullivan County,New Hampshire,51,-191,345,536,241,19,222
Atlantic County,New Jersey,-169,-219,2779,2998,43,924,-881
Bergen County,New Jersey,4196,2157,9117,6960,2050,4778,-2728
Burlington County,New Jersey,3066,477,4731,4254,2600,849,1751
Camden County,New Jersey,2547,1216,6227,5011,1323,1171,152
Cape May County,New Jersey,-795,-639,744,1383,-151,37,-188
Cumberland County,New Jersey,979,140,1857,1717,829,447,382
Essex County,New Jersey,1393,3767,9950,6183,-2390,7484,-9874
Gloucester County,New Jersey,1656,173,3057,2884,1501,323,1178
Hudson County,New Jersey,3091,4869,8855,3986,-1613,9343,-10956
Hunterdon County,New Jersey,378,112,1116,1004,282,214,68
Mercer County,New Jersey,892,985,4130,3145,-131,2761,-2892
Middlesex County,New Jersey,2529,2469,8603,6134,1,7001,-7000
Monmouth County,New Jersey,-1429,546,6315,5769,-1991,924,-2915
Morris County,New Jersey,3204,1073,5024,3951,2148,2013,135
Ocean County,New Jersey,3534,2723,10251,7528,828,628,200
Passaic County,New Jersey,-239,2480,6332,3852,-2735,3661,-6396
Salem County,New Jersey,181,-87,721,808,270,41,229
Somerset County,New Jersey,1795,696,3190,2494,1109,1750,-641
Sussex County,New Jersey,557,58,1416,1358,513,121,392
Union County,New Jersey,2309,2611,6624,4013,-329,4646,-4975
Warren County,New Jersey,349,-115,1016,1131,475,182,293
Bernalillo County,New Mexico,-1371,223,6473,6250,-1567,1603,-3170
Catron County,New Mexico,32,-51,22,73,83,15,68
Chaves County,New Mexico,-331,-26,738,764,-307,88,-395
Cibola County,New Mexico,-91,-143,225,368,50,17,33
Colfax County,New Mexico,-17,-90,85,175,73,25,48
Curry County,New Mexico,-208,223,754,531,-426,53,-479
De Baca County,New Mexico,-35,-25,14,39,-10,0,-10
Doña Ana County,New Mexico,1680,277,2285,2008,1391,342,1049
Eddy County,New Mexico,72,8,734,726,66,25,41
Grant County,New Mexico,-221,-191,214,405,-26,29,-55
Guadalupe County,New Mexico,-24,-36,23,59,12,10,2
Harding County,New Mexico,3,-15,0,15,19,1,18
Hidalgo County,New Mexico,-46,-18,43,61,-27,3,-30
Lea County,New Mexico,-242,122,810,688,-367,223,-590
Lincoln County,New Mexico,-314,-125,181,306,-185,-11,-174
Los Alamos County,New Mexico,171,35,170,135,136,130,6
Luna County,New Mexico,-377,-77,326,403,-299,39,-338
McKinley County,New Mexico,-1134,-149,756,905,-987,66,-1053
Mora County,New Mexico,-24,-28,28,56,5,0,5
Otero County,New Mexico,318,-87,687,774,402,232,170
Quay County,New Mexico,-19,-102,62,164,86,0,86
Rio Arriba County,New Mexico,-115,-130,405,535,17,71,-54
Roosevelt County,New Mexico,-71,20,228,208,-91,-14,-77
Sandoval County,New Mexico,2339,-71,1307,1378,2414,134,2280
San Juan County,New Mexico,106,-164,1326,1490,267,72,195
San Miguel County,New Mexico,-234,-148,223,371,-87,39,-126
Santa Fe County,New Mexico,195,-289,1129,1418,493,337,156
Sierra County,New Mexico,14,-202,67,269,219,-2,221
Socorro County,New Mexico,-148,-60,152,212,-89,1,-90
Taos County,New Mexico,-185,-159,235,394,-24,22,-46
Torrance County,New Mexico,250,-84,154,238,336,0,336
Union County,New Mexico,-18,-24,35,59,7,0,7
Valencia County,New Mexico,940,-30,837,867,970,92,878
Albany County,New York,738,-82,2861,2943,812,1140,-328
Allegany County,New York,-75,-44,496,540,-32,22,-54
Bronx County,New York,-25332,5966,16614,10648,-31249,10224,-41473
Broome County,New York,-1181,-453,1873,2326,-734,455,-1189
Cattaraugus County,New York,-450,-311,791,1102,-143,27,-170
Cayuga County,New York,-194,-208,669,877,14,27,-13
Chautauqua County,New York,-453,-492,1273,1765,41,70,-29
Chemung County,New York,-316,-253,820,1073,-63,87,-150
Chenango County,New York,-411,-177,473,650,-237,2,-239
Clinton County,New York,78,-137,676,813,213,74,139
Columbia County,New York,-638,-258,463,721,-379,51,-430
Cortland County,New York,-329,-117,419,536,-212,17,-229
Delaware County,New York,-364,-280,354,634,-82,18,-100
Dutchess County,New York,-459,-170,2726,2896,-296,504,-800
Erie County,New York,-2276,-293,9592,9885,-2023,2074,-4097
Essex County,New York,12,-200,267,467,214,39,175
Franklin County,New York,109,-89,451,540,196,29,167
Fulton County,New York,-22,-276,481,757,253,16,237
Genesee County,New York,131,-149,542,691,282,10,272
Greene County,New York,-283,-224,393,617,-56,22,-78
Hamilton County,New York,-39,-51,27,78,13,-2,15
Herkimer County,New York,-100,-213,563,776,115,16,99
Jefferson County,New York,-674,833,1856,1023,-1499,273,-1772
Kings County,New York,-28306,14174,31066,16892,-42016,13292,-55308
Lewis County,New York,-47,-10,289,299,-37,7,-44
Livingston County,New York,-182,-124,518,642,-59,55,-114
Madison County,New York,-133,-138,546,684,4,44,-40
Monroe County,New York,-2405,444,7776,7332,-2873,1584,-4457
Montgomery County,New York,35,-101,603,704,138,27,111
Nassau County,New York,-3579,3219,14213,10994,-6875,2743,-9618
New York County,New York,2908,3021,13309,10288,196,10499,-10303
Niagara County,New York,-1010,-745,2001,2746,-270,161,-431
Oneida County,New York,-803,-307,2481,2788,-501,438,-939
Onondaga County,New York,-1855,186,4930,4744,-2061,1118,-3179
Ontario County,New York,13,-135,983,1118,149,102,47
Orange County,New York,979,2652,5585,2933,-1706,760,-2466
Orleans County,New York,-39,-74,391,465,36,37,-1
Oswego County,New York,-77,-94,1148,1242,16,58,-42
Otsego County,New York,-283,-208,483,691,-76,46,-122
Putnam County,New York,-252,203,926,723,-457,131,-588
Queens County,New York,-26362,7760,23304,15544,-33871,16290,-50161
Rensselaer County,New York,-116,-178,1496,1674,63,330,-267
Richmond County,New York,-671,874,4920,4046,-1567,1200,-2767
Rockland County,New York,450,3925,6236,2311,-3523,937,-4460
St. Lawrence County,New York,-149,-171,1022,1193,21,125,-104
Saratoga County,New York,243,-55,2122,2177,296,224,72
Schenectady County,New York,208,105,1835,1730,100,310,-210
Schoharie County,New York,14,-83,267,350,98,8,90
Schuyler County,New York,-102,-81,177,258,-20,2,-22
Seneca County,New York,-237,-54,343,397,-183,17,-200
Steuben County,New York,-343,-192,993,1185,-154,81,-235
Suffolk County,New York,-4804,3232,16113,12881,-8145,3416,-11561
Sullivan County,New York,185,145,995,850,41,134,-93
Tioga County,New York,-51,-67,464,531,18,-1,19
Tompkins County,New York,-741,-19,699,718,-731,532,-1263
Ulster County,New York,13,-318,1576,1894,331,229,102
Warren County,New York,-47,-298,525,823,255,20,235
Washington County,New York,-763,-176,562,738,-590,27,-617
Wayne County,New York,-129,-84,900,984,-49,18,-67
Westchester County,New York,-919,2965,10278,7313,-3937,3628,-7565
Wyoming County,New York,-69,-53,350,403,-17,33,-50
Yates County,New York,-30,74,345,271,-103,10,-113
Alamance County,North Carolina,2547,18,1944,1926,2523,315,2208
Alexander County,North Carolina,157,-150,352,502,306,-2,308
Alleghany County,North Carolina,149,-65,102,167,215,1,214
Anson County,North Carolina,-61,-100,267,367,39,6,33
Ashe County,North Carolina,1,-229,205,434,231,17,214
Avery County,North Carolina,20,-102,137,239,121,39,82
Beaufort County,North Carolina,81,-240,443,683,320,25,295
Bertie County,North Carolina,-146,-152,152,304,8,-1,9
Bladen County,North Carolina,93,-158,349,507,253,-2,255
Brunswick County,North Carolina,7056,-794,1127,1921,7821,25,7796
Buncombe County,North Carolina,2111,-469,2432,2901,2563,512,2051
Burke County,North Carolina,366,-366,861,1227,733,36,697
Cabarrus County,North Carolina,4107,830,2723,1893,3287,345,2942
Caldwell County,North Carolina,227,-475,753,1228,701,5,696
Camden County,North Carolina,47,-34,77,111,81,7,74
Carteret County,North Carolina,289,-502,488,990,793,31,762
Caswell County,North Carolina,376,-163,192,355,544,4,540
Catawba County,North Carolina,1478,-349,1670,2019,1821,195,1626
Chatham County,North Carolina,1685,-139,689,828,1829,153,1676
Cherokee County,North Carolina,500,-196,285,481,697,-3,700
Chowan County,North Carolina,-7,-103,137,240,97,-2,99
Clay County,North Carolina,249,-79,90,169,328,2,326
Cleveland County,North Carolina,725,-300,1127,1427,1025,26,999
Columbus County,North Carolina,46,-240,583,823,283,3,280
Craven County,North Carolina,1304,-30,1257,1287,1328,136,1192
Cumberland County,North Carolina,1109,2050,5281,3231,-950,1175,-2125
Currituck County,North Carolina,585,2,290,288,583,-6,589
Dare County,North Carolina,123,-112,283,395,233,64,169
Davidson County,North Carolina,2424,-395,1779,2174,2816,200,2616
Davie County,North Carolina,484,-149,420,569,636,23,613
Duplin County,North Carolina,586,64,720,656,522,229,293
Durham County,North Carolina,3600,1910,4190,2280,1723,2338,-615
Edgecombe County,North Carolina,443,-124,592,716,573,52,521
Forsyth County,North Carolina,3260,549,4504,3955,2698,900,1798
Franklin County,North Carolina,2601,111,846,735,2492,86,2406
Gaston County,North Carolina,3272,-70,2752,2822,3327,307,3020
Gates County,North Carolina,-27,-73,86,159,47,-4,51
Graham County,North Carolina,20,-19,96,115,40,9,31
Granville County,North Carolina,490,-45,644,689,536,14,522
Greene County,North Carolina,163,-36,199,235,199,31,168
Guilford County,North Carolina,3409,677,5862,5185,2729,2068,661
Halifax County,North Carolina,-413,-257,528,785,-153,45,-198
Harnett County,North Carolina,2999,559,1858,1299,2422,210,2212
Haywood County,North Carolina,354,-445,519,964,793,18,775
Henderson County,North Carolina,932,-520,1032,1552,1452,53,1399
Hertford County,North Carolina,-181,-124,183,307,-58,43,-101
Hoke County,North Carolina,755,453,932,479,303,72,231
Hyde County,North Carolina,-49,-16,38,54,-33,-1,-32
Iredell County,North Carolina,3836,108,2016,1908,3737,395,3342
Jackson County,North Carolina,652,-82,346,428,736,69,667
Johnston County,North Carolina,7053,908,2831,1923,6145,419,5726
Jones County,North Carolina,182,-68,96,164,253,7,246
Lee County,North Carolina,1516,32,783,751,1476,226,1250
Lenoir County,North Carolina,396,-240,657,897,635,32,603
Lincoln County,North Carolina,2567,-57,932,989,2628,110,2518
McDowell County,North Carolina,138,-261,392,653,398,52,346
Macon County,North Carolina,443,-283,323,606,725,32,693
Madison County,North Carolina,190,-106,189,295,295,17,278
Martin County,North Carolina,-31,-179,218,397,147,1,146
Mecklenburg County,North Carolina,19626,7969,15062,7093,11601,8796,2805
Mitchell County,North Carolina,-49,-154,115,269,106,12,94
Montgomery County,North Carolina,244,-128,253,381,372,44,328
Moore County,North Carolina,1407,-153,1192,1345,1559,107,1452
Nash County,North Carolina,731,-98,1076,1174,828,73,755
New Hanover County,North Carolina,3068,-51,2215,2266,3095,347,2748
Northampton County,North Carolina,-112,-158,161,319,48,4,44
Onslow County,North Carolina,4645,2325,3888,1563,2303,315,1988
Orange County,North Carolina,373,273,1195,922,91,613,-522
Pamlico County,North Carolina,189,-125,87,212,314,3,311
Pasquotank County,North Carolina,276,-60,429,489,334,31,303
Pender County,North Carolina,2823,-60,672,732,2885,87,2798
Perquimans County,North Carolina,156,-85,114,199,241,-7,248
Person County,North Carolina,394,-94,424,518,488,12,476
Pitt County,North Carolina,1509,445,2059,1614,1055,345,710
Polk County,North Carolina,48,-196,136,332,245,-3,248
Randolph County,North Carolina,1262,-310,1550,1860,1573,120,1453
Richmond County,North Carolina,-249,-159,526,685,-92,-2,-90
Robeson County,North Carolina,899,160,1862,1702,735,162,573
Rockingham County,North Carolina,552,-468,919,1387,1020,25,995
Rowan County,North Carolina,1988,-315,1626,1941,2306,200,2106
Rutherford County,North Carolina,562,-386,630,1016,949,24,925
Sampson County,North Carolina,574,-13,813,826,588,141,447
Scotland County,North Carolina,26,-103,412,515,127,63,64
Stanly County,North Carolina,1468,-140,704,844,1610,59,1551
Stokes County,North Carolina,396,-254,421,675,651,-5,656
Surry County,North Carolina,-20,-316,737,1053,294,40,254
Swain County,North Carolina,-20,-88,166,254,67,25,42
Transylvania County,North Carolina,176,-238,245,483,411,48,363
Tyrrell County,North Carolina,-12,-9,40,49,-4,3,-7
Union County,North Carolina,7280,706,2512,1806,6623,613,6010
Vance County,North Carolina,147,-109,522,631,256,140,116
Wake County,North Carolina,19497,6734,13218,6484,12727,5326,7401
Warren County,North Carolina,159,-128,175,303,289,17,272
Washington County,North Carolina,-63,-83,111,194,19,6,13
Watauga County,North Carolina,-265,-140,306,446,-127,34,-161
Wayne County,North Carolina,1237,241,1593,1352,998,291,707
Wilkes County,North Carolina,222,-292,681,973,516,49,467
Wilson County,North Carolina,664,-187,887,1074,850,61,789
Yadkin County,North Carolina,267,-146,381,527,415,44,371
Yancey County,North Carolina,170,-125,174,299,294,26,268
Adams County,North Dakota,30,-8,20,28,38,0,38
Barnes County,North Dakota,-35,-59,85,144,26,45,-19
Benson County,North Dakota,-27,15,104,89,-43,7,-50
Billings County,North Dakota,9,7,14,7,1,0,1
Bottineau County,North Dakota,-35,5,74,69,-41,8,-49
Bowman County,North Dakota,-32,-5,30,35,-27,1,-28
Burke County,North Dakota,2,1,22,21,1,0,1
Burleigh County,North Dakota,616,324,1144,820,291,318,-27
Cass County,North Dakota,3649,1135,2408,1273,2497,1103,1394
Cavalier County,North Dakota,-12,-11,36,47,0,1,-1
Dickey County,North Dakota,-28,-13,58,71,-16,14,-30
Divide County,North Dakota,-34,-11,19,30,-23,0,-23
Dunn County,North Dakota,25,28,69,41,-3,22,-25
Eddy County,North Dakota,-44,-16,31,47,-30,0,-30
Emmons County,North Dakota,-30,-12,36,48,-19,0,-19
Foster County,North Dakota,-71,-6,37,43,-65,0,-65
Golden Valley County,North Dakota,-3,-1,18,19,-3,0,-3
Grand Forks County,North Dakota,287,307,853,546,-24,303,-327
Grant County,North Dakota,-23,-22,21,43,-1,10,-11
Griggs County,North Dakota,-1,-6,23,29,5,0,5
Hettinger County,North Dakota,4,-3,24,27,7,0,7
Kidder County,North Dakota,-39,-8,20,28,-30,0,-30
LaMoure County,North Dakota,20,7,51,44,13,0,13
Logan County,North Dakota,31,4,30,26,28,-1,29
McHenry County,North Dakota,-64,-10,62,72,-56,2,-58
McIntosh County,North Dakota,-7,-18,30,48,11,5,6
McKenzie County,North Dakota,363,129,219,90,233,17,216
McLean County,North Dakota,-26,-16,93,109,-11,5,-16
Mercer County,North Dakota,-18,-19,78,97,1,20,-19
Morton County,North Dakota,190,73,418,345,118,10,108
Mountrail County,North Dakota,142,56,151,95,87,11,76
Nelson County,North Dakota,-8,-20,25,45,11,11,0
Oliver County,North Dakota,17,9,18,9,7,0,7
Pembina County,North Dakota,-84,-27,61,88,-55,11,-66
Pierce County,North Dakota,-29,-34,28,62,6,5,1
Ramsey County,North Dakota,-53,-9,134,143,-43,9,-52
Ransom County,North Dakota,-44,-21,51,72,-23,8,-31
Renville County,North Dakota,29,-2,28,30,31,23,8
Richland County,North Dakota,-16,31,169,138,-47,-7,-40
Rolette County,North Dakota,-139,-23,166,189,-115,7,-122
Sargent County,North Dakota,-28,-5,42,47,-21,1,-22
Sheridan County,North Dakota,-20,-11,8,19,-9,0,-9
Sioux County,North Dakota,-43,-6,55,61,-40,0,-40
Slope County,North Dakota,-8,2,6,4,-11,0,-11
Stark County,North Dakota,283,211,484,273,71,41,30
Steele County,North Dakota,-11,-1,18,19,-9,0,-9
Stutsman County,North Dakota,-84,-31,204,235,-53,30,-83
Towner County,North Dakota,-30,-4,22,26,-25,8,-33
Traill County,North Dakota,-47,-15,77,92,-32,8,-40
Walsh County,North Dakota,-155,-1,125,126,-154,11,-165
Ward County,North Dakota,-456,470,1001,531,-922,150,-1072
Wells County,North Dakota,-46,-31,29,60,-14,0,-14
Williams County,North Dakota,1147,375,620,245,771,81,690
Adams County,Ohio,62,-100,327,427,163,32,131
Allen County,Ohio,-259,-27,1209,1236,-236,66,-302
Ashland County,Ohio,166,-120,571,691,289,20,269
Ashtabula County,Ohio,-115,-318,1010,1328,205,18,187
Athens County,Ohio,1825,-151,456,607,1960,315,1645
Auglaize County,Ohio,104,-26,522,548,133,6,127
Belmont County,Ohio,-577,-457,483,940,-121,-3,-118
Brown County,Ohio,77,-118,482,600,198,3,195
Butler County,Ohio,3315,573,4310,3737,2721,1631,1090
Carroll County,Ohio,72,-156,229,385,234,1,233
Champaign County,Ohio,102,-44,432,476,145,6,139
Clark County,Ohio,-122,-398,1535,1933,276,143,133
Clermont County,Ohio,1293,36,2190,2154,1249,251,998
Clinton County,Ohio,48,-72,484,556,120,85,35
Columbiana County,Ohio,-387,-457,958,1415,71,-7,78
Coshocton County,Ohio,254,-52,424,476,307,12,295
Crawford County,Ohio,20,-188,442,630,207,46,161
Cuyahoga County,Ohio,-3906,-879,13037,13916,-3034,3965,-6999
Darke County,Ohio,-111,-78,586,664,-35,11,-46
Defiance County,Ohio,187,-50,407,457,237,88,149
Delaware County,Ohio,5110,742,2162,1420,4402,736,3666
Erie County,Ohio,-479,-337,656,993,-144,49,-193
Fairfield County,Ohio,2404,122,1727,1605,2300,286,2014
Fayette County,Ohio,-15,-79,337,416,64,24,40
Franklin County,Ohio,4333,6875,17429,10554,-2527,9355,-11882
Fulton County,Ohio,-151,-69,440,509,-84,41,-125
Gallia County,Ohio,-44,-111,319,430,67,5,62
Geauga County,Ohio,-84,-48,914,962,-32,69,-101
Greene County,Ohio,664,-3,1649,1652,667,389,278
Guernsey County,Ohio,29,-185,410,595,218,3,215
Hamilton County,Ohio,2337,2184,10244,8060,142,3200,-3058
Hancock County,Ohio,-70,-11,840,851,-62,164,-226
Hardin County,Ohio,-23,-63,365,428,40,29,11
Harrison County,Ohio,-192,-115,135,250,-77,1,-78
Henry County,Ohio,-6,-42,306,348,36,4,32
Highland County,Ohio,188,-44,556,600,232,10,222
Hocking County,Ohio,-278,-126,276,402,-153,0,-153
Holmes County,Ohio,11,413,779,366,-406,7,-413
Huron County,Ohio,-20,-60,650,710,39,41,-2
Jackson County,Ohio,-5,-94,377,471,89,20,69
Jefferson County,Ohio,-247,-509,533,1042,264,20,244
Knox County,Ohio,124,39,756,717,86,38,48
Lake County,Ohio,-96,-684,2074,2758,591,314,277
Lawrence County,Ohio,-454,-438,524,962,-15,-1,-14
Licking County,Ohio,1436,2,1902,1900,1433,177,1256
Logan County,Ohio,-5,-13,524,537,10,19,-9
Lorain County,Ohio,1879,-358,3200,3558,2248,321,1927
Lucas County,Ohio,-1235,146,4957,4811,-1401,563,-1964
Madison County,Ohio,1021,-25,449,474,1038,52,986
Mahoning County,Ohio,-326,-818,2379,3197,497,284,213
Marion County,Ohio,242,-122,723,845,359,8,351
Medina County,Ohio,553,-94,1667,1761,660,117,543
Meigs County,Ohio,-194,-167,207,374,-28,17,-45
Mercer County,Ohio,15,213,650,437,-200,24,-224
Miami County,Ohio,663,-133,1147,1280,801,150,651
Monroe County,Ohio,-62,-99,121,220,39,9,30
Montgomery County,Ohio,322,-466,6115,6581,777,1282,-505
Morgan County,Ohio,-23,-94,137,231,71,0,71
Morrow County,Ohio,259,-19,373,392,280,0,280
Muskingum County,Ohio,191,-60,985,1045,252,7,245
Noble County,Ohio,-14,-2,147,149,-12,2,-14
Ottawa County,Ohio,-165,-293,280,573,128,14,114
Paulding County,Ohio,-56,-4,220,224,-54,3,-57
Perry County,Ohio,80,-51,379,430,133,2,131
Pickaway County,Ohio,1079,-76,625,701,1155,13,1142
Pike County,Ohio,-11,-121,315,436,111,-1,112
Portage County,Ohio,923,-357,1363,1720,1281,315,966
Preble County,Ohio,-18,-133,401,534,119,7,112
Putnam County,Ohio,-131,46,416,370,-180,16,-196
Richland County,Ohio,-197,-284,1354,1638,86,65,21
Ross County,Ohio,-7,-292,776,1068,282,3,279
Sandusky County,Ohio,142,-185,577,762,328,83,245
Scioto County,Ohio,-220,-421,731,1152,201,14,187
Seneca County,Ohio,-7,-77,592,669,70,57,13
Shelby County,Ohio,81,73,619,546,8,33,-25
Stark County,Ohio,-69,-703,3934,4637,638,235,403
Summit County,Ohio,-36,-916,5430,6346,866,1166,-300
Trumbull County,Ohio,-353,-880,1974,2854,531,45,486
Tuscarawas County,Ohio,-97,-75,1131,1206,-24,69,-93
Union County,Ohio,2761,226,723,497,2537,100,2437
Van Wert County,Ohio,-100,-22,339,361,-79,26,-105
Vinton County,Ohio,-103,-71,149,220,-32,0,-32
Warren County,Ohio,2413,384,2462,2078,2057,814,1243
Washington County,Ohio,-291,-325,524,849,36,42,-6
Wayne County,Ohio,-42,64,1410,1346,-113,152,-265
Williams County,Ohio,-57,-67,404,471,9,36,-27
Wood County,Ohio,1008,22,1254,1232,980,241,739
Wyandot County,Ohio,-95,-90,209,299,-6,6,-12
Adair County,Oklahoma,111,-6,313,319,117,6,111
Alfalfa County,Oklahoma,-16,-6,41,47,-9,18,-27
Atoka County,Oklahoma,198,-44,133,177,242,23,219
Beaver County,Oklahoma,-1,7,64,57,-8,33,-41
Beckham County,Oklahoma,66,-64,221,285,129,-4,133
Blaine County,Oklahoma,94,-27,120,147,121,60,61
Bryan County,Oklahoma,929,-118,526,644,1050,42,1008
Caddo County,Oklahoma,-23,-112,307,419,89,83,6
Canadian County,Oklahoma,6575,792,1977,1185,5792,158,5634
Carter County,Oklahoma,260,-139,608,747,395,79,316
Cherokee County,Oklahoma,111,-74,514,588,183,38,145
Choctaw County,Oklahoma,-131,-113,177,290,-17,4,-21
Cimarron County,Oklahoma,-42,-8,23,31,-34,0,-34
Cleveland County,Oklahoma,1709,461,2688,2227,1250,662,588
Coal County,Oklahoma,-25,-29,65,94,4,2,2
Comanche County,Oklahoma,-651,267,1553,1286,-915,142,-1057
Cotton County,Oklahoma,-22,-47,57,104,27,0,27
Craig County,Oklahoma,318,-57,159,216,379,41,338
Creek County,Oklahoma,646,-171,774,945,823,20,803
Custer County,Oklahoma,227,29,357,328,201,18,183
Delaware County,Oklahoma,223,-269,436,705,488,12,476
Dewey County,Oklahoma,-118,-17,63,80,-101,1,-102
Ellis County,Oklahoma,-35,-10,40,50,-25,9,-34
Garfield County,Oklahoma,72,38,819,781,32,121,-89
Garvin County,Oklahoma,94,-101,325,426,195,23,172
Grady County,Oklahoma,727,-78,572,650,809,33,776
Grant County,Oklahoma,-39,-25,45,70,-13,1,-14
Greer County,Oklahoma,-80,-40,53,93,-40,2,-42
Harmon County,Oklahoma,-24,-20,27,47,-4,0,-4
Harper County,Oklahoma,25,-11,27,38,36,24,12
Haskell County,Oklahoma,165,-37,152,189,201,9,192
Hughes County,Oklahoma,2,-64,158,222,65,-1,66
Jackson County,Oklahoma,10,82,358,276,-69,52,-121
Jefferson County,Oklahoma,-61,-36,57,93,-26,3,-29
Johnston County,Oklahoma,-130,-58,117,175,-70,4,-74
Kay County,Oklahoma,-97,-78,553,631,-19,9,-28
Kingfisher County,Oklahoma,253,-13,153,166,267,74,193
Kiowa County,Oklahoma,-82,-34,107,141,-46,4,-50
Latimer County,Oklahoma,-30,-61,101,162,33,2,31
Le Flore County,Oklahoma,594,33,769,736,560,35,525
Lincoln County,Oklahoma,428,-127,325,452,562,7,555
Logan County,Oklahoma,1105,74,541,467,1033,83,950
Love County,Oklahoma,122,-39,101,140,161,10,151
McClain County,Oklahoma,1662,52,455,403,1615,16,1599
McCurtain County,Oklahoma,-113,-198,356,554,86,41,45
McIntosh County,Oklahoma,200,-204,189,393,405,1,404
Major County,Oklahoma,45,-29,86,115,73,7,66
Marshall County,Oklahoma,49,-43,214,257,90,52,38
Mayes County,Oklahoma,319,-129,478,607,449,4,445
Murray County,Oklahoma,73,-63,153,216,137,-1,138
Muskogee County,Oklahoma,370,-200,845,1045,566,39,527
Noble County,Oklahoma,-13,-83,88,171,71,15,56
Nowata County,Oklahoma,25,-44,107,151,68,8,60
Okfuskee County,Oklahoma,73,-39,140,179,112,12,100
Oklahoma County,Oklahoma,5763,3242,10906,7664,2483,2539,-56
Okmulgee County,Oklahoma,24,-204,432,636,228,3,225
Osage County,Oklahoma,278,-149,420,569,428,-1,429
Ottawa County,Oklahoma,-42,-101,432,533,58,27,31
Pawnee County,Oklahoma,183,-94,162,256,279,0,279
Payne County,Oklahoma,651,58,750,692,593,463,130
Pittsburg County,Oklahoma,3,-212,487,699,216,12,204
Pontotoc County,Oklahoma,364,-91,458,549,457,11,446
Pottawatomie County,Oklahoma,440,-192,841,1033,626,18,608
Pushmataha County,Oklahoma,91,-149,100,249,241,6,235
Roger Mills County,Oklahoma,-42,-8,35,43,-34,7,-41
Rogers County,Oklahoma,1188,67,1055,988,1130,57,1073
Seminole County,Oklahoma,101,-112,286,398,213,12,201
Sequoyah County,Oklahoma,490,6,600,594,483,2,481
Stephens County,Oklahoma,398,-160,480,640,560,40,520
Texas County,Oklahoma,-134,187,339,152,-321,191,-512
Tillman County,Oklahoma,-102,-62,63,125,-39,0,-39
Tulsa County,Oklahoma,5807,1970,8632,6662,3794,2642,1152
Wagoner County,Oklahoma,2583,98,914,816,2491,100,2391
Washington County,Oklahoma,468,-123,579,702,597,89,508
Washita County,Oklahoma,0,-38,117,155,36,7,29
Woods County,Oklahoma,-38,-6,87,93,-33,3,-36
Woodward County,Oklahoma,-68,-30,211,241,-39,16,-55
Baker County,Oregon,-25,-126,144,270,102,4,98
Benton County,Oregon,52,-50,620,670,100,323,-223
Clackamas County,Oregon,55,-243,3638,3881,304,228,76
Clatsop County,Oregon,-550,-236,304,540,-307,27,-334
Columbia County,Oregon,273,-121,442,563,395,-6,401
Coos County,Oregon,-711,-610,507,1117,-89,22,-111
Crook County,Oregon,575,-82,244,326,657,0,657
Curry County,Oregon,-317,-325,144,469,11,-10,21
Deschutes County,Oregon,2030,119,1848,1729,1889,48,1841
Douglas County,Oregon,145,-938,951,1889,1082,4,1078
Gilliam County,Oregon,18,-18,18,36,37,-1,38
Grant County,Oregon,-10,-46,69,115,35,5,30
Harney County,Oregon,-92,-31,78,109,-61,-2,-59
Hood River County,Oregon,-290,27,221,194,-315,-2,-313
Jackson County,Oregon,-901,-675,2083,2758,-225,-9,-216
Jefferson County,Oregon,130,-31,262,293,159,-3,162
Josephine County,Oregon,21,-644,802,1446,667,23,644
Klamath County,Oregon,-187,-269,740,1009,81,-12,93
Lake County,Oregon,-80,-64,81,145,-16,13,-29
Lane County,Oregon,-1000,-1406,3033,4439,409,255,154
Lincoln County,Oregon,69,-409,356,765,474,32,442
Linn County,Oregon,874,-185,1391,1576,1055,10,1045
Malheur County,Oregon,186,-11,365,376,199,11,188
Marion County,Oregon,22,467,3847,3380,-447,265,-712
Morrow County,Oregon,10,13,139,126,-3,18,-21
Multnomah County,Oregon,-4865,540,7271,6731,-5360,1158,-6518
Polk County,Oregon,212,-21,864,885,235,43,192
Sherman County,Oregon,4,-3,22,25,8,1,7
Tillamook County,Oregon,-104,-210,209,419,104,-3,107
Umatilla County,Oregon,-208,-53,789,842,-158,27,-185
Union County,Oregon,-221,-96,255,351,-125,7,-132
Wallowa County,Oregon,24,-55,60,115,80,0,80
Wasco County,Oregon,-222,-140,248,388,-80,0,-80
Washington County,Oregon,-1221,1842,5973,4131,-3073,1709,-4782
Wheeler County,Oregon,1,-14,7,21,14,0,14
Yamhill County,Oregon,282,-135,1021,1156,415,119,296
Adams County,Pennsylvania,789,-189,953,1142,985,76,909
Allegheny County,Pennsylvania,-7780,-1788,11896,13684,-5991,2674,-8665
Armstrong County,Pennsylvania,-630,-451,526,977,-180,12,-192
Beaver County,Pennsylvania,-106,-739,1463,2202,631,63,568
Bedford County,Pennsylvania,-71,-212,463,675,145,19,126
Berks County,Pennsylvania,1248,263,4567,4304,983,1086,-103
Blair County,Pennsylvania,-461,-562,1123,1685,100,54,46
Bradford County,Pennsylvania,-159,-166,622,788,7,41,-34
Bucks County,Pennsylvania,427,-372,5821,6193,823,875,-52
Butler County,Pennsylvania,1045,-592,1615,2207,1650,120,1530
Cambria County,Pennsylvania,-761,-751,1125,1876,-5,41,-46
Cameron County,Pennsylvania,-26,-53,27,80,28,1,27
Carbon County,Pennsylvania,-35,-328,583,911,292,25,267
Centre County,Pennsylvania,262,-45,1088,1133,300,828,-528
Chester County,Pennsylvania,3146,1704,5675,3971,1442,1163,279
Clarion County,Pennsylvania,-257,-232,344,576,-26,22,-48
Clearfield County,Pennsylvania,-734,-467,675,1142,-270,28,-298
Clinton County,Pennsylvania,-169,-123,349,472,-46,10,-56
Columbia County,Pennsylvania,150,-279,542,821,431,28,403
Crawford County,Pennsylvania,-404,-271,870,1141,-134,18,-152
Cumberland County,Pennsylvania,2206,4,2508,2504,2224,451,1773
Dauphin County,Pennsylvania,547,194,3081,2887,341,823,-482
Delaware County,Pennsylvania,847,1021,6383,5362,-203,1585,-1788
Elk County,Pennsylvania,-269,-186,259,445,-83,-2,-81
Erie County,Pennsylvania,-1269,-312,2738,3050,-966,366,-1332
Fayette County,Pennsylvania,-1453,-1389,723,2112,-64,84,-148
Forest County,Pennsylvania,-154,-94,23,117,-60,2,-62
Franklin County,Pennsylvania,903,-137,1718,1855,1044,226,818
Fulton County,Pennsylvania,-86,-96,135,231,10,4,6
Greene County,Pennsylvania,-172,-349,158,507,177,-4,181
Huntingdon County,Pennsylvania,217,-150,417,567,365,10,355
Indiana County,Pennsylvania,30,-305,733,1038,334,78,256
Jefferson County,Pennsylvania,-119,-172,445,617,53,3,50
Juniata County,Pennsylvania,-38,-79,263,342,41,29,12
Lackawanna County,Pennsylvania,373,-582,2093,2675,968,403,565
Lancaster County,Pennsylvania,1929,1607,6887,5280,315,871,-556
Lawrence County,Pennsylvania,-340,-547,766,1313,207,7,200
Lebanon County,Pennsylvania,350,-129,1578,1707,476,226,250
Lehigh County,Pennsylvania,1480,335,3940,3605,1129,1745,-616
Luzerne County,Pennsylvania,892,-933,3191,4124,1844,930,914
Lycoming County,Pennsylvania,-310,-502,934,1436,189,100,89
McKean County,Pennsylvania,-300,-268,324,592,-32,12,-44
Mercer County,Pennsylvania,-634,-640,1014,1654,7,0,7
Mifflin County,Pennsylvania,-62,-87,535,622,24,7,17
Monroe County,Pennsylvania,-1398,-364,1338,1702,-1045,120,-1165
Montgomery County,Pennsylvania,3698,1130,8700,7570,2583,1703,880
Montour County,Pennsylvania,-194,-57,180,237,-135,40,-175
Northampton County,Pennsylvania,1191,-414,2787,3201,1618,599,1019
Northumberland County,Pennsylvania,-3,-359,874,1233,356,29,327
Perry County,Pennsylvania,-30,-111,433,544,80,45,35
Philadelphia County,Pennsylvania,-16294,4519,19208,14689,-20629,7038,-27667
Pike County,Pennsylvania,671,-229,420,649,905,48,857
Potter County,Pennsylvania,-207,-122,167,289,-83,0,-83
Schuylkill County,Pennsylvania,598,-749,1187,1936,1363,95,1268
Snyder County,Pennsylvania,211,-15,406,421,226,19,207
Somerset County,Pennsylvania,-432,-510,576,1086,77,5,72
Sullivan County,Pennsylvania,-11,-94,37,131,81,11,70
Susquehanna County,Pennsylvania,-30,-183,360,543,155,11,144
Tioga County,Pennsylvania,-127,-193,373,566,66,3,63
Union County,Pennsylvania,-648,-112,345,457,-542,37,-579
Venango County,Pennsylvania,-303,-346,459,805,47,8,39
Warren County,Pennsylvania,-246,-283,354,637,38,11,27
Washington County,Pennsylvania,292,-797,1867,2664,1099,103,996
Wayne County,Pennsylvania,178,-378,396,774,554,2,552
Westmoreland County,Pennsylvania,-835,-1922,2788,4710,1107,90,1017
Wyoming County,Pennsylvania,-122,-147,249,396,24,7,17
York County,Pennsylvania,3591,106,4812,4706,3501,612,2889
Bristol County,Rhode Island,-52,-231,342,573,182,18,164
Kent County,Rhode Island,144,-519,1458,1977,658,339,319
Newport County,Rhode Island,-889,-213,632,845,-671,147,-818
Providence County,Rhode Island,3191,1004,6744,5740,2187,4985,-2798
Washington County,Rhode Island,-274,-469,830,1299,197,288,-91
Abbeville County,South Carolina,96,-187,217,404,284,8,276
Aiken County,South Carolina,2902,47,2272,2225,2857,130,2727
Allendale County,South Carolina,-49,-84,68,152,34,1,33
Anderson County,South Carolina,3424,-405,2265,2670,3831,177,3654
Bamberg County,South Carolina,24,-101,133,234,125,28,97
Barnwell County,South Carolina,-24,-55,260,315,30,32,-2
Beaufort County,South Carolina,2832,4,1910,1906,2822,402,2420
Berkeley County,South Carolina,10265,910,2826,1916,9335,534,8801
Calhoun County,South Carolina,-11,-109,121,230,97,0,97
Charleston County,South Carolina,5017,1534,4931,3397,3468,1028,2440
Cherokee County,South Carolina,593,-184,659,843,779,51,728
Chester County,South Carolina,233,-182,334,516,412,13,399
Chesterfield County,South Carolina,290,-128,521,649,419,74,345
Clarendon County,South Carolina,77,-252,287,539,326,19,307
Colleton County,South Carolina,294,-237,456,693,530,60,470
Darlington County,South Carolina,-20,-271,726,997,250,61,189
Dillon County,South Carolina,-49,-102,376,478,52,32,20
Dorchester County,South Carolina,3783,472,1919,1447,3324,303,3021
Edgefield County,South Carolina,648,-159,204,363,808,79,729
Fairfield County,South Carolina,-28,-180,197,377,152,-2,154
Florence County,South Carolina,474,-238,1568,1806,714,120,594
Georgetown County,South Carolina,1062,-488,480,968,1551,39,1512
Greenville County,South Carolina,10191,1394,6521,5127,8776,1868,6908
Greenwood County,South Carolina,237,-207,741,948,442,74,368
Hampton County,South Carolina,-14,-94,195,289,82,33,49
Horry County,South Carolina,14331,-1412,3199,4611,15724,663,15061
Jasper County,South Carolina,1558,23,408,385,1531,102,1429
Kershaw County,South Carolina,2055,-191,724,915,2253,44,2209
Lancaster County,South Carolina,3491,58,1248,1190,3433,153,3280
Laurens County,South Carolina,922,-309,723,1032,1227,84,1143
Lee County,South Carolina,-194,-144,149,293,-51,61,-112
Lexington County,South Carolina,4423,474,3379,2905,3973,421,3552
McCormick County,South Carolina,200,-102,75,177,300,0,300
Marion County,South Carolina,37,-177,320,497,212,-2,214
Marlboro County,South Carolina,-302,-164,287,451,-138,-3,-135
Newberry County,South Carolina,510,-122,418,540,632,97,535
Oconee County,South Carolina,1061,-458,631,1089,1522,85,1437
Orangeburg County,South Carolina,-281,-486,815,1301,203,53,150
Pickens County,South Carolina,2025,-354,1145,1499,2382,206,2176
Richland County,South Carolina,3612,1077,4599,3522,2531,1019,1512
Saluda County,South Carolina,139,-34,242,276,173,56,117
Spartanburg County,South Carolina,10750,68,3840,3772,10705,645,10060
Sumter County,South Carolina,229,-54,1310,1364,281,66,215
Union County,South Carolina,-110,-261,243,504,150,15,135
Williamsburg County,South Carolina,-222,-256,263,519,33,33,0
York County,South Carolina,4119,855,3376,2521,3277,329,2948
Aurora County,South Dakota,20,-6,38,44,25,5,20
Beadle County,South Dakota,103,99,278,179,5,257,-252
Bennett County,South Dakota,-28,7,50,43,-36,5,-41
Bon Homme County,South Dakota,1,-21,74,95,21,4,17
Brookings County,South Dakota,489,171,385,214,316,193,123
Brown County,South Dakota,-168,49,412,363,-220,57,-277
Brule County,South Dakota,10,15,63,48,-5,7,-12
Buffalo County,South Dakota,30,-3,38,41,33,0,33
Butte County,South Dakota,73,20,135,115,52,-2,54
Campbell County,South Dakota,-15,-6,19,25,-7,4,-11
Charles Mix County,South Dakota,8,50,143,93,-44,3,-47
Clark County,South Dakota,25,24,59,35,1,23,-22
Clay County,South Dakota,130,24,137,113,106,23,83
Codington County,South Dakota,235,58,326,268,177,41,136
Corson County,South Dakota,-35,10,78,68,-45,0,-45
Custer County,South Dakota,96,-15,77,92,111,4,107
Davison County,South Dakota,15,-1,229,230,16,79,-63
Day County,South Dakota,-24,-31,46,77,6,7,-1
Deuel County,South Dakota,-7,9,56,47,-15,0,-15
Dewey County,South Dakota,66,6,108,102,62,1,61
Douglas County,South Dakota,51,7,45,38,44,8,36
Edmunds County,South Dakota,-14,8,56,48,-22,2,-24
Fall River County,South Dakota,-4,-88,50,138,85,-1,86
Faulk County,South Dakota,29,0,31,31,31,0,31
Grant County,South Dakota,67,-5,94,99,71,46,25
Gregory County,South Dakota,19,-7,47,54,27,7,20
Haakon County,South Dakota,17,-1,25,26,18,0,18
Hamlin County,South Dakota,57,87,140,53,-30,20,-50
Hand County,South Dakota,-5,-16,39,55,10,3,7
Hanson County,South Dakota,-8,9,39,30,-17,5,-22
Harding County,South Dakota,-15,11,17,6,-26,1,-27
Hughes County,South Dakota,-57,30,219,189,-88,-3,-85
Hutchinson County,South Dakota,43,-6,96,102,50,9,41
Hyde County,South Dakota,-13,-12,13,25,-1,0,-1
Jackson County,South Dakota,-56,23,62,39,-77,2,-79
Jerauld County,South Dakota,-2,0,18,18,-2,1,-3
Jones County,South Dakota,-20,-4,8,12,-15,0,-15
Kingsbury County,South Dakota,-3,-6,66,72,3,4,-1
Lake County,South Dakota,91,1,109,108,93,10,83
Lawrence County,South Dakota,813,-69,203,272,879,22,857
Lincoln County,South Dakota,2214,506,834,328,1700,63,1637
Lyman County,South Dakota,0,23,68,45,-21,6,-27
McCook County,South Dakota,41,6,80,74,36,0,36
McPherson County,South Dakota,-62,-17,20,37,-44,0,-44
Marshall County,South Dakota,27,9,65,56,19,13,6
Meade County,South Dakota,252,28,272,244,221,9,212
Mellette County,South Dakota,-22,-5,30,35,-18,0,-18
Miner County,South Dakota,-5,-11,27,38,6,0,6
Minnehaha County,South Dakota,3085,1292,2804,1512,1772,649,1123
Moody County,South Dakota,68,25,93,68,43,20,23
Oglala Lakota County,South Dakota,-74,45,242,197,-121,0,-121
Pennington County,South Dakota,1597,342,1450,1108,1248,35,1213
Perkins County,South Dakota,25,-4,34,38,31,0,31
Potter County,South Dakota,-33,-10,23,33,-24,0,-24
Roberts County,South Dakota,67,30,142,112,37,2,35
Sanborn County,South Dakota,-4,4,35,31,-9,4,-13
Spink County,South Dakota,-62,-8,75,83,-53,4,-57
Stanley County,South Dakota,26,-2,30,32,28,0,28
Sully County,South Dakota,12,-2,12,14,15,9,6
Todd County,South Dakota,-34,76,195,119,-111,29,-140
Tripp County,South Dakota,42,6,66,60,36,1,35
Turner County,South Dakota,139,-15,92,107,154,37,117
Union County,South Dakota,120,63,192,129,59,36,23
Walworth County,South Dakota,-17,7,76,69,-24,-2,-22
Yankton County,South Dakota,105,-2,243,245,106,25,81
Ziebach County,South Dakota,-72,6,41,35,-78,1,-79
Anderson County,Tennessee,1305,-324,830,1154,1625,64,1561
Bedford County,Tennessee,1091,101,713,612,988,125,863
Benton County,Tennessee,109,-160,157,317,266,-1,267
Bledsoe County,Tennessee,236,-47,132,179,282,5,277
Blount County,Tennessee,1646,-404,1304,1708,2051,47,2004
Bradley County,Tennessee,1040,-240,1183,1423,1280,218,1062
Campbell County,Tennessee,659,-281,430,711,938,10,928
Cannon County,Tennessee,256,-21,183,204,277,-1,278
Carroll County,Tennessee,442,-189,274,463,632,3,629
Carter County,Tennessee,537,-419,439,858,954,45,909
Cheatham County,Tennessee,490,-41,494,535,529,15,514
Chester County,Tennessee,48,-71,180,251,118,15,103
Claiborne County,Tennessee,297,-204,338,542,499,42,457
Clay County,Tennessee,58,-57,76,133,113,14,99
Cocke County,Tennessee,555,-300,373,673,856,12,844
Coffee County,Tennessee,854,-100,702,802,954,73,881
Crockett County,Tennessee,120,-50,158,208,167,1,166
Cumberland County,Tennessee,1278,-588,532,1120,1867,4,1863
Davidson County,Tennessee,4983,4390,10032,5642,712,4293,-3581
Decatur County,Tennessee,107,-108,105,213,216,0,216
DeKalb County,Tennessee,223,-87,241,328,308,16,292
Dickson County,Tennessee,1002,-55,645,700,1057,24,1033
Dyer County,Tennessee,58,-96,497,593,156,0,156
Fayette County,Tennessee,837,-84,450,534,921,-5,926
Fentress County,Tennessee,361,-145,211,356,506,6,500
Franklin County,Tennessee,535,-161,438,599,693,58,635
Gibson County,Tennessee,219,-231,629,860,447,8,439
Giles County,Tennessee,181,-188,304,492,365,17,348
Grainger County,Tennessee,496,-111,266,377,606,0,606
Greene County,Tennessee,1285,-498,647,1145,1788,12,1776
Grundy County,Tennessee,176,-70,169,239,243,-2,245
Hamblen County,Tennessee,1049,-225,773,998,1272,102,1170
Hamilton County,Tennessee,5262,587,4500,3913,4645,703,3942
Hancock County,Tennessee,110,-71,56,127,181,0,181
Hardeman County,Tennessee,56,-94,282,376,152,-1,153
Hardin County,Tennessee,164,-205,286,491,369,-3,372
Hawkins County,Tennessee,697,-440,500,940,1134,2,1132
Haywood County,Tennessee,-190,-83,196,279,-109,3,-112
Henderson County,Tennessee,163,-107,307,414,272,-2,274
Henry County,Tennessee,172,-207,314,521,378,-4,382
Hickman County,Tennessee,345,-84,278,362,430,16,414
Houston County,Tennessee,146,-60,78,138,208,0,208
Humphreys County,Tennessee,186,-139,198,337,325,5,320
Jackson County,Tennessee,348,-71,104,175,422,1,421
Jefferson County,Tennessee,1178,-252,542,794,1428,58,1370
Johnson County,Tennessee,329,-145,148,293,473,19,454
Knox County,Tennessee,5289,362,5444,5082,4898,818,4080
Lake County,Tennessee,-153,-80,64,144,-73,2,-75
Lauderdale County,Tennessee,-131,-19,332,351,-112,0,-112
Lawrence County,Tennessee,612,-47,590,637,657,4,653
Lewis County,Tennessee,154,-101,118,219,255,13,242
Lincoln County,Tennessee,163,-90,421,511,253,18,235
Loudon County,Tennessee,2347,-227,539,766,2575,68,2507
McMinn County,Tennessee,983,-251,604,855,1238,16,1222
McNairy County,Tennessee,170,-133,309,442,303,17,286
Macon County,Tennessee,579,-31,296,327,611,22,589
Madison County,Tennessee,21,-24,1169,1193,42,127,-85
Marion County,Tennessee,332,-147,290,437,478,5,473
Marshall County,Tennessee,1104,-12,429,441,1121,30,1091
Maury County,Tennessee,2764,225,1331,1106,2536,4,2532
Meigs County,Tennessee,433,-89,117,206,521,0,521
Monroe County,Tennessee,914,-228,508,736,1140,4,1136
Montgomery County,Tennessee,4973,1979,3722,1743,2952,185,2767
Moore County,Tennessee,32,-42,53,95,72,-1,73
Morgan County,Tennessee,366,-124,195,319,494,0,494
Obion County,Tennessee,37,-108,363,471,145,0,145
Overton County,Tennessee,334,-152,242,394,484,0,484
Perry County,Tennessee,186,-42,103,145,228,7,221
Pickett County,Tennessee,25,-46,31,77,70,-1,71
Polk County,Tennessee,255,-164,166,330,415,-1,416
Putnam County,Tennessee,1374,12,943,931,1360,167,1193
Rhea County,Tennessee,235,-146,372,518,376,7,369
Roane County,Tennessee,967,-338,507,845,1304,-7,1311
Robertson County,Tennessee,1378,27,897,870,1348,49,1299
Rutherford County,Tennessee,6419,1708,4256,2548,4710,1192,3518
Scott County,Tennessee,172,-92,266,358,262,-2,264
Sequatchie County,Tennessee,243,-20,196,216,263,49,214
Sevier County,Tennessee,609,-229,1072,1301,842,333,509
Shelby County,Tennessee,-6315,3030,12539,9509,-9383,2301,-11684
Smith County,Tennessee,68,-45,231,276,112,6,106
Stewart County,Tennessee,228,-75,130,205,302,-3,305
Sullivan County,Tennessee,1273,-846,1501,2347,2122,31,2091
Sumner County,Tennessee,4273,185,2242,2057,4087,202,3885
Tipton County,Tennessee,365,-65,692,757,431,9,422
Trousdale County,Tennessee,194,-32,115,147,223,-2,225
Unicoi County,Tennessee,165,-227,141,368,394,3,391
Union County,Tennessee,268,-102,231,333,367,-2,369
Van Buren County,Tennessee,63,-78,67,145,139,-2,141
Warren County,Tennessee,637,-20,547,567,654,60,594
Washington County,Tennessee,2273,-442,1260,1702,2714,200,2514
Wayne County,Tennessee,-200,-104,148,252,-95,-5,-90
Weakley County,Tennessee,41,-129,340,469,167,12,155
White County,Tennessee,692,-166,287,453,861,0,861
Williamson County,Tennessee,3722,916,2415,1499,2856,746,2110
Wilson County,Tennessee,5081,332,1719,1387,4758,356,4402
Anderson County,Texas,509,-208,594,802,721,107,614
Andrews County,Texas,340,140,292,152,200,69,131
Angelina County,Texas,195,76,1178,1102,114,13,101
Aransas County,Texas,411,-177,235,412,586,-4,590
Archer County,Texas,180,-19,90,109,201,7,194
Armstrong County,Texas,-25,-7,23,30,-19,0,-19
Atascosa County,Texas,1048,73,624,551,979,-17,996
Austin County,Texas,607,47,390,343,562,3,559
Bailey County,Texas,-131,37,113,76,-166,77,-243
Bandera County,Texas,517,-122,192,314,640,20,620
Bastrop County,Texas,4383,469,1321,852,3927,73,3854
Baylor County,Texas,1,-45,34,79,46,14,32
Bee County,Texas,-142,-61,313,374,-84,11,-95
Bell County,Texas,5739,3659,6539,2880,2049,712,1337
Bexar County,Texas,27488,10818,26765,15947,16536,5705,10831
Blanco County,Texas,637,-68,87,155,706,0,706
Borden County,Texas,-8,-2,5,7,-6,0,-6
Bosque County,Texas,289,-98,196,294,390,17,373
Bowie County,Texas,-25,-107,1101,1208,78,85,-7
Brazoria County,Texas,10704,1875,4834,2959,8843,955,7888
Brazos County,Texas,2772,1609,2885,1276,1150,966,184
Brewster County,Texas,169,-19,90,109,188,40,148
Briscoe County,Texas,6,-6,10,16,12,0,12
Brooks County,Texas,-54,3,101,98,-53,38,-91
Brown County,Texas,266,-120,468,588,383,38,345
Burleson County,Texas,785,-67,216,283,854,71,783
Burnet County,Texas,1424,-89,531,620,1511,3,1508
Caldwell County,Texas,2010,188,646,458,1821,86,1735
Calhoun County,Texas,14,-22,238,260,37,38,-1
Callahan County,Texas,127,-72,143,215,201,3,198
Cameron County,Texas,1799,2794,6022,3228,-1027,833,-1860
Camp County,Texas,279,-17,209,226,296,26,270
Carson County,Texas,62,-13,69,82,78,1,77
Cass County,Texas,121,-183,365,548,307,-4,311
Castro County,Texas,-60,21,115,94,-83,24,-107
Chambers County,Texas,2567,217,611,394,2362,89,2273
Cherokee County,Texas,785,-33,682,715,819,5,814
Childress County,Texas,-53,-15,66,81,-38,9,-47
Clay County,Texas,239,-33,115,148,274,10,264
Cochran County,Texas,-13,8,51,43,-20,17,-37
Coke County,Texas,30,-26,39,65,59,0,59
Coleman County,Texas,20,-110,94,204,131,-2,133
Collin County,Texas,36364,7541,12840,5299,28886,8137,20749
Collingsworth County,Texas,-22,-5,36,41,-17,-1,-16
Colorado County,Texas,285,-33,294,327,319,48,271
Comal County,Texas,9179,272,1822,1550,8936,45,8891
Comanche County,Texas,129,-20,186,206,148,13,135
Concho County,Texas,-70,-8,25,33,-62,20,-82
Cooke County,Texas,734,105,580,475,631,22,609
Coryell County,Texas,673,417,1058,641,256,156,100
Cottle County,Texas,-23,-11,10,21,-11,0,-11
Crane County,Texas,23,19,67,48,4,-2,6
Crockett County,Texas,-102,1,56,55,-102,-4,-98
Crosby County,Texas,-75,-31,67,98,-44,11,-55
Culberson County,Texas,33,0,31,31,33,1,32
Dallam County,Texas,2,114,191,77,-111,98,-209
Dallas County,Texas,4365,19550,36886,17336,-15057,19273,-34330
Dawson County,Texas,-172,26,185,159,-196,10,-206
Deaf Smith County,Texas,-52,119,328,209,-171,52,-223
Delta County,Texas,107,-20,65,85,128,1,127
Denton County,Texas,29943,6803,11361,4558,23090,3828,19262
DeWitt County,Texas,175,-64,216,280,240,4,236
Dickens County,Texas,-25,-9,20,29,-15,3,-18
Dimmit County,Texas,-103,-7,143,150,-96,-2,-94
Donley County,Texas,-75,-25,36,61,-50,5,-55
Duval County,Texas,-102,-22,147,169,-80,0,-80
Eastland County,Texas,144,-134,225,359,279,25,254
Ector County,Texas,3437,1588,2987,1399,1850,959,891
Edwards County,Texas,-35,-11,20,31,-24,0,-24
Ellis County,Texas,10506,1127,2721,1594,9418,171,9247
El Paso County,Texas,2641,4757,11089,6332,-2157,1683,-3840
Erath County,Texas,358,78,501,423,281,20,261
Falls County,Texas,330,-52,179,231,384,18,366
Fannin County,Texas,496,-178,365,543,673,5,668
Fayette County,Texas,540,-101,259,360,647,25,622
Fisher County,Texas,-14,-34,28,62,20,4,16
Floyd County,Texas,-149,-31,58,89,-117,-2,-115
Foard County,Texas,16,-16,9,25,33,0,33
Fort Bend County,Texas,27859,5389,9567,4178,22591,6834,15757
Franklin County,Texas,70,-23,104,127,92,20,72
Freestone County,Texas,409,-3,239,242,415,14,401
Frio County,Texas,271,25,231,206,244,197,47
Gaines County,Texas,383,316,482,166,65,55,10
Galveston County,Texas,4357,882,4053,3171,3493,505,2988
Garza County,Texas,19,-11,53,64,31,57,-26
Gillespie County,Texas,232,-138,246,384,372,109,263
Glasscock County,Texas,2,3,14,11,-1,1,-2
Goliad County,Texas,24,-31,68,99,53,-1,54
Gonzales County,Texas,114,36,292,256,77,14,63
Gray County,Texas,-64,-92,244,336,27,41,-14
Grayson County,Texas,3709,140,1846,1706,3573,132,3441
Gregg County,Texas,684,159,1744,1585,521,164,357
Grimes County,Texas,1214,45,415,370,1171,-1,1172
Guadalupe County,Texas,5752,511,1920,1409,5255,42,5213
Hale County,Texas,-205,35,407,372,-242,72,-314
Hall County,Texas,0,-18,31,49,19,19,0
Hamilton County,Texas,306,-49,94,143,356,21,335
Hansford County,Texas,-40,7,68,61,-47,-3,-44
Hardeman County,Texas,-35,2,46,44,-38,8,-46
Hardin County,Texas,421,12,732,720,417,25,392
Harris County,Texas,53788,34695,65450,30755,18873,41665,-22792
Harrison County,Texas,857,34,883,849,826,25,801
Hartley County,Texas,-83,29,74,45,-111,6,-117
Haskell County,Texas,9,-63,47,110,72,11,61
Hays County,Texas,11383,1624,3072,1448,9742,456,9286
Hemphill County,Texas,-36,14,37,23,-49,-1,-48
Henderson County,Texas,1668,-385,964,1349,2055,15,2040
Hidalgo County,Texas,10185,8288,13671,5383,1834,1695,139
Hill County,Texas,835,-144,468,612,979,37,942
Hockley County,Texas,182,1,284,283,181,20,161
Hood County,Texas,1380,-180,691,871,1565,18,1547
Hopkins County,Texas,379,-6,480,486,387,58,329
Houston County,Texas,123,-98,269,367,221,16,205
Howard County,Texas,-178,-51,376,427,-131,70,-201
Hudspeth County,Texas,35,-7,32,39,42,109,-67
Hunt County,Texas,4909,264,1397,1133,4663,133,4530
Hutchinson County,Texas,-189,-102,237,339,-87,-6,-81
Irion County,Texas,15,-2,21,23,17,0,17
Jack County,Texas,111,-12,93,105,124,9,115
Jackson County,Texas,38,82,243,161,-45,10,-55
Jasper County,Texas,199,-126,418,544,326,32,294
Jeff Davis County,Texas,-50,-14,12,26,-37,-2,-35
Jefferson County,Texas,-105,546,3260,2714,-664,627,-1291
Jim Hogg County,Texas,-54,13,80,67,-65,0,-65
Jim Wells County,Texas,-67,-21,506,527,-47,8,-55
Johnson County,Texas,7410,717,2454,1737,6712,121,6591
Jones County,Texas,110,-85,163,248,196,6,190
Karnes County,Texas,73,-12,158,170,84,115,-31
Kaufman County,Texas,13079,1125,2412,1287,11998,179,11819
Kendall County,Texas,1518,30,455,425,1500,71,1429
Kenedy County,Texas,-11,0,2,2,-10,0,-10
Kent County,Texas,-10,-11,9,20,1,0,1
Kerr County,Texas,131,-266,509,775,396,33,363
Kimble County,Texas,22,-24,39,63,46,0,46
King County,Texas,-17,2,2,0,-19,0,-19
Kinney County,Texas,17,-27,28,55,44,14,30
Kleberg County,Texas,-307,45,364,319,-355,63,-418
Knox County,Texas,18,-28,40,68,48,3,45
Lamar County,Texas,612,-31,708,739,650,60,590
Lamb County,Texas,-75,-2,169,171,-74,35,-109
Lampasas County,Texas,472,-108,213,321,580,16,564
La Salle County,Texas,-19,-6,77,83,-13,36,-49
Lavaca County,Texas,-82,-29,252,281,-53,1,-54
Lee County,Texas,269,6,204,198,264,-3,267
Leon County,Texas,318,-70,189,259,390,9,381
Liberty County,Texas,5810,400,1415,1015,5447,52,5395
Limestone County,Texas,86,-106,260,366,191,16,175
Lipscomb County,Texas,60,1,40,39,59,11,48
Live Oak County,Texas,43,-59,94,153,102,45,57
Llano County,Texas,252,-146,229,375,397,37,360
Loving County,Texas,-1,-2,0,2,1,0,1
Lubbock County,Texas,3179,1243,4122,2879,1919,931,988
Lynn County,Texas,23,-3,84,87,27,2,25
McCulloch County,Texas,-16,-84,72,156,69,-1,70
McLennan County,Texas,2421,1102,3619,2517,1302,378,924
McMullen County,Texas,-1,-9,5,14,10,0,10
Madison County,Texas,101,21,190,169,79,37,42
Marion County,Texas,21,-115,93,208,136,3,133
Martin County,Texas,-12,26,79,53,-37,4,-41
Mason County,Texas,-47,-29,34,63,-17,0,-17
Matagorda County,Texas,237,115,557,442,122,150,-28
Maverick County,Texas,134,451,978,527,-322,120,-442
Medina County,Texas,1140,104,628,524,1040,11,1029
Menard County,Texas,-21,-20,18,38,-1,1,-2
Midland County,Texas,5089,1785,3029,1244,3311,727,2584
Milam County,Texas,329,-91,302,393,422,6,416
Mills County,Texas,50,-45,44,89,96,5,91
Mitchell County,Texas,137,-31,72,103,169,11,158
Montague County,Texas,519,-139,210,349,660,9,651
Montgomery County,Texas,31800,4011,8570,4559,27866,2365,25501
Moore County,Texas,96,252,441,189,-159,191,-350
Morris County,Texas,14,-95,123,218,109,22,87
Motley County,Texas,-14,-17,13,30,4,0,4
Nacogdoches County,Texas,381,166,888,722,213,42,171
Navarro County,Texas,948,138,757,619,814,25,789
Newton County,Texas,-2,-101,116,217,98,0,98
Nolan County,Texas,-154,-31,178,209,-122,26,-148
Nueces County,Texas,699,1094,4500,3406,-414,518,-932
Ochiltree County,Texas,12,57,145,88,-43,126,-169
Oldham County,Texas,22,6,25,19,17,13,4
Orange County,Texas,674,57,1132,1075,625,57,568
Palo Pinto County,Texas,425,-66,360,426,491,9,482
Panola County,Texas,96,-63,281,344,160,0,160
Parker County,Texas,7556,482,1868,1386,7088,128,6960
Parmer County,Texas,-32,61,164,103,-94,48,-142
Pecos County,Texas,-88,20,189,169,-109,32,-141
Polk County,Texas,930,-265,579,844,1192,7,1185
Potter County,Texas,-264,290,1692,1402,-550,444,-994
Presidio County,Texas,-159,20,90,70,-177,49,-226
Rains County,Texas,150,-87,111,198,236,6,230
Randall County,Texas,2011,552,1852,1300,1457,173,1284
Reagan County,Texas,20,15,47,32,4,13,-9
Real County,Texas,22,-30,31,61,51,0,51
Red River County,Texas,73,-85,140,225,157,13,144
Reeves County,Texas,78,36,187,151,44,44,0
Refugio County,Texas,28,-56,54,110,84,0,84
Roberts County,Texas,28,7,14,7,21,0,21
Robertson County,Texas,137,-49,211,260,184,-3,187
Rockwall County,Texas,7965,586,1367,781,7423,156,7267
Runnels County,Texas,-16,-65,122,187,49,5,44
Rusk County,Texas,555,-160,534,694,717,41,676
Sabine County,Texas,65,-129,108,237,195,5,190
San Augustine County,Texas,-27,-92,90,182,66,-2,68
San Jacinto County,Texas,596,-142,307,449,740,3,737
San Patricio County,Texas,573,176,936,760,395,145,250
San Saba County,Texas,-35,-31,54,85,-4,3,-7
Schleicher County,Texas,32,6,39,33,26,0,26
Scurry County,Texas,-57,-10,201,211,-49,42,-91
Shackelford County,Texas,17,-8,33,41,25,1,24
Shelby County,Texas,118,31,398,367,86,-13,99
Sherman County,Texas,-100,14,45,31,-114,1,-115
Smith County,Texas,3214,505,3049,2544,2704,278,2426
Somervell County,Texas,91,-13,103,116,103,20,83
Starr County,Texas,281,541,1100,559,-265,13,-278
Stephens County,Texas,-34,-52,89,141,19,-4,23
Sterling County,Texas,-29,17,33,16,-46,0,-46
Stonewall County,Texas,0,-11,10,21,13,0,13
Sutton County,Texas,-11,-10,37,47,-2,21,-23
Swisher County,Texas,-4,-11,83,94,7,36,-29
Tarrant County,Texas,27301,13010,28006,14996,14159,8805,5354
Taylor County,Texas,1689,425,2015,1590,1260,527,733
Terrell County,Texas,-1,-15,5,20,14,0,14
Terry County,Texas,103,32,178,146,70,38,32
Throckmorton County,Texas,-13,-10,13,23,-3,2,-5
Titus County,Texas,120,143,479,336,-25,61,-86
Tom Green County,Texas,144,249,1516,1267,-105,136,-241
Travis County,Texas,7411,9977,16289,6312,-2411,8068,-10479
Trinity County,Texas,235,-159,147,306,396,6,390
Tyler County,Texas,-29,-165,210,375,137,13,124
Upshur County,Texas,827,-104,496,600,935,18,917
Upton County,Texas,-37,-4,27,31,-33,1,-34
Uvalde County,Texas,70,83,407,324,-14,76,-90
Val Verde County,Texas,103,372,829,457,-269,107,-376
Van Zandt County,Texas,1112,-220,655,875,1339,10,1329
Victoria County,Texas,590,295,1299,1004,293,49,244
Walker County,Texas,1590,43,697,654,1539,204,1335
Waller County,Texas,1701,279,761,482,1421,83,1338
Ward County,Texas,18,54,173,119,-36,1,-37
Washington County,Texas,639,-98,381,479,738,26,712
Webb County,Texas,1529,2756,4420,1664,-1259,795,-2054
Wharton County,Texas,-1,21,555,534,-25,42,-67
Wheeler County,Texas,17,-27,64,91,44,13,31
Wichita County,Texas,-40,203,1742,1539,-246,234,-480
Wilbarger County,Texas,-13,-7,184,191,-6,10,-16
Willacy County,Texas,-217,33,245,212,-248,10,-258
Williamson County,Texas,24918,4549,8043,3494,20333,2390,17943
Wilson County,Texas,1429,10,592,582,1427,57,1370
Winkler County,Texas,114,42,127,85,74,14,60
Wise County,Texas,3200,172,915,743,3039,31,3008
Wood County,Texas,991,-390,416,806,1385,90,1295
Yoakum County,Texas,-16,52,132,80,-71,73,-144
Young County,Texas,112,-69,237,306,183,8,175
Zapata County,Texas,-102,68,209,141,-168,20,-188
Zavala County,Texas,-72,21,169,148,-94,3,-97
Beaver County,Utah,-84,29,106,77,-113,10,-123
Box Elder County,Utah,1161,351,831,480,809,36,773
Cache County,Utah,2248,1393,2122,729,848,333,515
Carbon County,Utah,69,-65,226,291,137,2,135
Daggett County,Utah,-23,3,10,7,-27,0,-27
Davis County,Utah,3320,2647,4769,2122,643,511,132
Duchesne County,Utah,335,104,281,177,233,1,232
Emery County,Utah,51,-2,124,126,52,11,41
Garfield County,Utah,56,-3,58,61,60,0,60
Grand County,Utah,-65,13,98,85,-78,26,-104
Iron County,Utah,1703,404,823,419,1297,161,1136
Juab County,Utah,437,112,201,89,329,3,326
Kane County,Utah,222,-8,93,101,232,1,231
Millard County,Utah,94,47,180,133,46,6,40
Morgan County,Utah,163,69,139,70,96,6,90
Piute County,Utah,57,-6,18,24,64,0,64
Rich County,Utah,21,10,28,18,10,-1,11
Salt Lake County,Utah,-756,7405,14841,7436,-8119,5951,-14070
San Juan County,Utah,-48,29,185,156,-79,17,-96
Sanpete County,Utah,586,112,382,270,477,46,431
Sevier County,Utah,301,58,284,226,245,-3,248
Summit County,Utah,-286,208,418,210,-498,115,-613
Tooele County,Utah,2096,579,1070,491,1520,56,1464
Uintah County,Utah,643,179,497,318,463,50,413
Utah County,Utah,16482,8890,11955,3065,7511,2381,5130
Wasatch County,Utah,547,196,383,187,351,137,214
Washington County,Utah,4722,536,2298,1762,4196,173,4023
Wayne County,Utah,-20,-1,32,33,-18,-1,-17
Weber County,Utah,2466,1507,3513,2006,936,257,679
Addison County,Vermont,165,-84,289,373,249,96,153
Bennington County,Vermont,-160,-282,263,545,124,77,47
Caledonia County,Vermont,23,-158,239,397,181,6,175
Chittenden County,Vermont,124,37,1334,1297,83,872,-789
Essex County,Vermont,13,-33,56,89,46,0,46
Franklin County,Vermont,275,51,524,473,222,20,202
Grand Isle County,Vermont,-23,-39,62,101,16,3,13
Lamoille County,Vermont,-43,-43,208,251,-2,65,-67
Orange County,Vermont,63,-59,248,307,121,19,102
Orleans County,Vermont,-46,-229,208,437,183,-4,187
Rutland County,Vermont,-82,-346,444,790,264,3,261
Washington County,Vermont,27,-166,443,609,196,39,157
Windham County,Vermont,67,-193,336,529,261,32,229
Windsor County,Vermont,-49,-260,418,678,212,84,128
Accomack County,Virginia,16,-173,359,532,189,68,121
Albemarle County,Virginia,831,131,1047,916,704,405,299
Alleghany County,Virginia,-120,-222,79,301,103,1,102
Amelia County,Virginia,112,-96,123,219,209,6,203
Amherst County,Virginia,-76,-189,275,464,113,14,99
Appomattox County,Virginia,161,-4,190,194,164,1,163
Arlington County,Virginia,484,1627,2601,974,-1141,1838,-2979
Augusta County,Virginia,308,-365,521,886,674,33,641
Bath County,Virginia,-10,-32,43,75,23,1,22
Bedford County,Virginia,784,-326,644,970,1120,35,1085
Bland County,Virginia,41,-70,32,102,113,0,113
Botetourt County,Virginia,25,-193,263,456,223,9,214
Brunswick County,Virginia,-82,-149,118,267,68,9,59
Buchanan County,Virginia,-296,-198,181,379,-99,5,-104
Buckingham County,Virginia,-10,-89,133,222,77,0,77
Campbell County,Virginia,205,-337,375,712,542,17,525
Caroline County,Virginia,700,-17,354,371,718,26,692
Carroll County,Virginia,121,-233,269,502,354,10,344
Charles City County,Virginia,42,-77,37,114,120,0,120
Charlotte County,Virginia,-64,-89,146,235,26,-2,28
Chesterfield County,Virginia,5586,1209,4144,2935,4402,767,3635
Clarke County,Virginia,135,-22,159,181,157,3,154
Craig County,Virginia,-15,-28,45,73,13,0,13
Culpeper County,Virginia,683,135,664,529,551,113,438
Cumberland County,Virginia,127,-47,84,131,176,9,167
Dickenson County,Virginia,-93,-100,120,220,8,4,4
Dinwiddie County,Virginia,244,-182,182,364,427,18,409
Essex County,Virginia,-32,-70,113,183,38,3,35
Fairfax County,Virginia,2569,7376,12496,5120,-4869,8536,-13405
Fauquier County,Virginia,488,80,742,662,418,68,350
Floyd County,Virginia,56,-102,111,213,160,10,150
Fluvanna County,Virginia,345,-26,259,285,372,1,371
Franklin County,Virginia,470,-230,509,739,700,31,669
Frederick County,Virginia,1186,-16,902,918,1209,96,1113
Giles County,Virginia,25,-139,150,289,166,-1,167
Gloucester County,Virginia,507,-105,369,474,615,1,614
Goochland County,Virginia,1035,-61,211,272,1101,4,1097
Grayson County,Virginia,-40,-148,119,267,111,1,110
Greene County,Virginia,286,7,237,230,277,7,270
Greensville County,Virginia,-71,-62,96,158,-10,-1,-9
Halifax County,Virginia,-188,-260,332,592,72,2,70
Hanover County,Virginia,1288,-79,1066,1145,1379,33,1346
Henrico County,Virginia,207,579,3690,3111,-374,1386,-1760
Henry County,Virginia,-93,-515,393,908,430,-1,431
Highland County,Virginia,43,-15,18,33,60,-1,61
Isle of Wight County,Virginia,576,-51,408,459,629,65,564
James City County,Virginia,1171,48,822,774,1136,133,1003
King and Queen County,Virginia,6,-55,47,102,60,0,60
King George County,Virginia,650,117,321,204,532,21,511
King William County,Virginia,501,24,245,221,479,9,470
Lancaster County,Virginia,53,-155,73,228,209,4,205
Lee County,Virginia,-102,-212,173,385,109,3,106
Loudoun County,Virginia,3555,3304,4924,1620,200,1962,-1762
Louisa County,Virginia,1007,-56,416,472,1062,44,1018
Lunenburg County,Virginia,36,-56,115,171,93,18,75
Madison County,Virginia,120,-44,128,172,165,26,139
Mathews County,Virginia,64,-108,63,171,174,0,174
Mecklenburg County,Virginia,121,-239,301,540,359,64,295
Middlesex County,Virginia,-28,-116,90,206,88,32,56
Montgomery County,Virginia,-160,-129,634,763,-39,584,-623
Nelson County,Virginia,-42,-41,166,207,0,22,-22
New Kent County,Virginia,1182,8,253,245,1173,1,1172
Northampton County,Virginia,43,-98,114,212,141,24,117
Northumberland County,Virginia,113,-147,85,232,259,-2,261
Nottoway County,Virginia,11,-84,169,253,97,11,86
Orange County,Virginia,519,-17,438,455,535,9,526
Page County,Virginia,-36,-122,213,335,85,18,67
Patrick County,Virginia,-92,-185,160,345,93,-1,94
Pittsylvania County,Virginia,-253,-406,406,812,157,-1,158
Powhatan County,Virginia,520,-19,285,304,541,20,521
Prince Edward County,Virginia,150,-59,207,266,208,33,175
Prince George County,Virginia,-150,6,369,363,-157,54,-211
Prince William County,Virginia,2628,3906,6230,2324,-1333,2658,-3991
Pulaski County,Virginia,-28,-240,296,536,211,5,206
Rappahannock County,Virginia,-39,-59,35,94,21,-3,24
Richmond County,Virginia,58,-35,93,128,95,15,80
Roanoke County,Virginia,270,-445,700,1145,722,110,612
Rockbridge County,Virginia,-210,-229,98,327,21,3,18
Rockingham County,Virginia,1154,-6,917,923,1167,155,1012
Russell County,Virginia,40,-171,265,436,212,3,209
Scott County,Virginia,-47,-199,178,377,155,0,155
Shenandoah County,Virginia,292,-116,472,588,409,81,328
Smyth County,Virginia,-192,-279,280,559,87,13,74
Southampton County,Virginia,76,-149,108,257,226,-1,227
Spotsylvania County,Virginia,2760,457,1569,1112,2326,224,2102
Stafford County,Virginia,2259,827,1772,945,1460,431,1029
Surry County,Virginia,66,-38,68,106,104,-1,105
Sussex County,Virginia,117,-93,85,178,212,0,212
Tazewell County,Virginia,-443,-489,242,731,47,16,31
Warren County,Virginia,439,-55,451,506,496,82,414
Washington County,Virginia,195,-353,453,806,554,6,548
Westmoreland County,Virginia,248,-88,170,258,335,-5,340
Wise County,Virginia,-153,-255,353,608,104,-1,105
Wythe County,Virginia,-11,-189,282,471,178,0,178
York County,Virginia,-212,16,604,588,-229,79,-308
Alexandria city,Virginia,185,1382,2284,902,-1142,1428,-2570
Bristol city,Virginia,-133,-117,185,302,-14,-6,-8
Buena Vista city,Virginia,-3,-30,79,109,27,-6,33
Charlottesville city,Virginia,-289,210,575,365,-502,192,-694
Chesapeake city,Virginia,1427,819,2985,2166,614,379,235
Colonial Heights city,Virginia,115,-37,271,308,154,7,147
Covington city,Virginia,-88,-49,73,122,-39,4,-43
Danville city,Virginia,-180,-419,435,854,241,29,212
Emporia city,Virginia,-70,-36,67,103,-34,2,-36
Fairfax city,Virginia,392,295,595,300,97,286,-189
Falls Church city,Virginia,196,7,173,166,190,50,140
Franklin city,Virginia,65,-22,157,179,87,0,87
Fredericksburg city,Virginia,280,43,348,305,237,221,16
Galax city,Virginia,15,-49,120,169,65,-3,68
Hampton city,Virginia,-760,133,1637,1504,-891,180,-1071
Harrisonburg city,Virginia,-68,240,595,355,-311,425,-736
Hopewell city,Virginia,-38,-101,317,418,62,8,54
Lexington city,Virginia,22,52,121,69,-29,21,-50
Lynchburg city,Virginia,307,227,1149,922,83,127,-44
Manassas city,Virginia,23,328,693,365,-303,394,-697
Manassas Park city,Virginia,-332,-15,70,85,-315,100,-415
Martinsville city,Virginia,66,-38,260,298,104,43,61
Newport News city,Virginia,-862,736,2504,1768,-1590,387,-1977
Norfolk city,Virginia,-1628,894,3102,2208,-2487,727,-3214
Norton city,Virginia,-97,-52,41,93,-44,0,-44
Petersburg city,Virginia,-153,90,730,640,-239,47,-286
Poquoson city,Virginia,11,0,132,132,13,2,11
Portsmouth city,Virginia,-161,100,1329,1229,-253,63,-316
Radford city,Virginia,252,1,141,140,251,20,231
Richmond city,Virginia,880,730,2971,2241,193,910,-717
Roanoke city,Virginia,-486,-167,1266,1433,-305,271,-576
Salem city,Virginia,-100,-70,321,391,-31,57,-88
Staunton city,Virginia,-25,-40,364,404,19,72,-53
Suffolk city,Virginia,2233,133,1125,992,2101,88,2013
Virginia Beach city,Virginia,-1420,1718,5353,3635,-3145,881,-4026
Waynesboro city,Virginia,383,44,356,312,338,13,325
Williamsburg city,Virginia,162,-159,63,222,321,48,273
Winchester city,Virginia,-244,4,335,331,-248,62,-310
Adams County,Washington,-78,189,349,160,-265,14,-279
Asotin County,Washington,13,-88,221,309,102,5,97
Benton County,Washington,2390,577,2477,1900,1811,376,1435
Chelan County,Washington,-41,-59,791,850,17,89,-72
Clallam County,Washington,-68,-697,546,1243,627,54,573
Clark County,Washington,4413,1036,5536,4500,3338,766,2572
Columbia County,Washington,27,-32,34,66,60,1,59
Cowlitz County,Washington,800,-194,1218,1412,992,55,937
Douglas County,Washington,575,131,508,377,443,83,360
Ferry County,Washington,29,-61,63,124,91,6,85
Franklin County,Washington,452,890,1441,551,-443,188,-631
Garfield County,Washington,6,-5,27,32,12,0,12
Grant County,Washington,1098,483,1365,882,607,203,404
Grays Harbor County,Washington,249,-477,675,1152,724,28,696
Island County,Washington,-415,-136,761,897,-264,83,-347
Jefferson County,Washington,144,-274,162,436,419,23,396
King County,Washington,6069,7802,22890,15088,-1616,18815,-20431
Kitsap County,Washington,-155,258,2809,2551,-392,324,-716
Kittitas County,Washington,386,3,397,394,384,9,375
Klickitat County,Washington,286,-87,186,273,371,50,321
Lewis County,Washington,797,-200,926,1126,996,34,962
Lincoln County,Washington,125,-47,98,145,172,2,170
Mason County,Washington,218,-207,619,826,421,155,266
Okanogan County,Washington,252,-156,421,577,406,230,176
Pacific County,Washington,105,-257,150,407,363,29,334
Pend Oreille County,Washington,223,-119,114,233,344,0,344
Pierce County,Washington,2217,2771,10933,8162,-550,1846,-2396
San Juan County,Washington,-106,-48,103,151,-55,21,-76
Skagit County,Washington,95,-57,1389,1446,159,136,23
Skamania County,Washington,185,-15,88,103,200,2,198
Snohomish County,Washington,4309,3274,9749,6475,1067,3349,-2282
Spokane County,Washington,1715,145,5710,5565,1544,511,1033
Stevens County,Washington,554,-184,440,624,741,6,735
Thurston County,Washington,364,100,3043,2943,274,337,-63
Wahkiakum County,Washington,77,-37,31,68,116,0,116
Walla Walla County,Washington,-285,-175,553,728,-112,85,-197
Whatcom County,Washington,1321,-107,1969,2076,1413,379,1034
Whitman County,Washington,433,41,390,349,393,309,84
Yakima County,Washington,-376,879,3341,2462,-1267,316,-1583
Barbour County,West Virginia,-13,-113,137,250,100,3,97
Berkeley County,West Virginia,3061,195,1518,1323,2867,47,2820
Boone County,West Virginia,-331,-177,189,366,-157,1,-158
Braxton County,West Virginia,-8,-92,102,194,84,0,84
Brooke County,West Virginia,-321,-224,159,383,-94,14,-108
Cabell County,West Virginia,-403,-463,887,1350,62,38,24
Calhoun County,West Virginia,-110,-64,60,124,-46,-3,-43
Clay County,West Virginia,-57,-57,96,153,-1,0,-1
Doddridge County,West Virginia,-32,-26,65,91,-6,-2,-4
Fayette County,West Virginia,-316,-336,378,714,20,4,16
Gilmer County,West Virginia,-76,-42,49,91,-34,4,-38
Grant County,West Virginia,-17,-83,92,175,68,8,60
Greenbrier County,West Virginia,-226,-270,303,573,46,16,30
Hampshire County,West Virginia,192,-66,251,317,258,-3,261
Hancock County,West Virginia,-109,-244,245,489,137,3,134
Hardy County,West Virginia,83,-59,128,187,143,4,139
Harrison County,West Virginia,-113,-271,672,943,157,19,138
Jackson County,West Virginia,-74,-149,267,416,74,16,58
Jefferson County,West Virginia,786,-13,538,551,796,84,712
Kanawha County,West Virginia,-1059,-864,1726,2590,-199,223,-422
Lewis County,West Virginia,-174,-165,154,319,-9,0,-9
Lincoln County,West Virginia,-150,-164,193,357,15,4,11
Logan County,West Virginia,-379,-319,312,631,-61,-2,-59
McDowell County,West Virginia,-367,-230,160,390,-138,15,-153
Marion County,West Virginia,23,-230,526,756,255,0,255
Marshall County,West Virginia,-262,-202,263,465,-60,6,-66
Mason County,West Virginia,-146,-175,273,448,27,1,26
Mercer County,West Virginia,-555,-385,615,1000,-170,20,-190
Mineral County,West Virginia,-35,-101,293,394,66,-7,73
Mingo County,West Virginia,-422,-189,259,448,-233,-3,-230
Monongalia County,West Virginia,740,243,980,737,495,389,106
Monroe County,West Virginia,60,-84,133,217,144,6,138
Morgan County,West Virginia,214,-115,150,265,332,-2,334
Nicholas County,West Virginia,-140,-168,223,391,28,21,7
Ohio County,West Virginia,-269,-255,382,637,-15,29,-44
Pendleton County,West Virginia,-38,-43,63,106,5,2,3
Pleasants County,West Virginia,-142,-42,74,116,-100,0,-100
Pocahontas County,West Virginia,-32,-70,64,134,38,0,38
Preston County,West Virginia,-123,-131,302,433,9,29,-20
Putnam County,West Virginia,-101,-127,537,664,25,28,-3
Raleigh County,West Virginia,-445,-542,655,1197,95,30,65
Randolph County,West Virginia,-202,-176,265,441,-25,0,-25
Ritchie County,West Virginia,-63,-53,84,137,-10,2,-12
Roane County,West Virginia,-90,-95,125,220,5,1,4
Summers County,West Virginia,-121,-154,94,248,33,-1,34
Taylor County,West Virginia,-22,-102,151,253,79,-1,80
Tucker County,West Virginia,-16,-54,60,114,39,0,39
Tyler County,West Virginia,-171,-63,76,139,-109,-1,-108
Upshur County,West Virginia,-176,-85,233,318,-92,3,-95
Wayne County,West Virginia,-294,-261,363,624,-34,21,-55
Webster County,West Virginia,-96,-70,77,147,-26,0,-26
Wetzel County,West Virginia,-104,-144,149,293,42,9,33
Wirt County,West Virginia,-92,-29,56,85,-64,0,-64
Wood County,West Virginia,-336,-299,853,1152,-39,29,-68
Wyoming County,West Virginia,-295,-169,204,373,-126,-3,-123
Adams County,Wisconsin,197,-194,122,316,391,7,384
Ashland County,Wisconsin,39,-39,161,200,78,8,70
Barron County,Wisconsin,118,-161,444,605,281,95,186
Bayfield County,Wisconsin,110,-75,115,190,186,2,184
Brown County,Wisconsin,1349,742,3004,2262,595,546,49
Buffalo County,Wisconsin,29,-18,125,143,50,1,49
Burnett County,Wisconsin,104,-133,94,227,235,7,228
Calumet County,Wisconsin,487,58,457,399,433,43,390
Chippewa County,Wisconsin,217,-6,651,657,222,15,207
Clark County,Wisconsin,42,179,566,387,-136,55,-191
Columbia County,Wisconsin,-137,-52,568,620,-87,34,-121
Crawford County,Wisconsin,-71,-37,161,198,-33,5,-38
Dane County,Wisconsin,7589,2001,5580,3579,5548,3456,2092
Dodge County,Wisconsin,-143,-308,756,1064,163,115,48
Door County,Wisconsin,11,-167,212,379,178,36,142
Douglas County,Wisconsin,38,-87,414,501,123,42,81
Dunn County,Wisconsin,172,36,444,408,136,60,76
Eau Claire County,Wisconsin,1117,101,1059,958,1008,123,885
Florence County,Wisconsin,-24,-37,29,66,13,0,13
Fond du Lac County,Wisconsin,136,-131,1005,1136,267,212,55
Forest County,Wisconsin,-7,-64,88,152,57,3,54
Grant County,Wisconsin,94,-12,560,572,105,40,65
Green County,Wisconsin,66,-46,351,397,114,30,84
Green Lake County,Wisconsin,136,-83,203,286,224,11,213
Iowa County,Wisconsin,-2,47,258,211,-49,24,-73
Iron County,Wisconsin,29,-68,40,108,99,1,98
Jackson County,Wisconsin,-38,-24,213,237,-15,22,-37
Jefferson County,Wisconsin,18,-69,789,858,85,94,-9
Juneau County,Wisconsin,-181,-151,221,372,-28,17,-45
Kenosha County,Wisconsin,-149,54,1681,1627,-212,313,-525
Kewaunee County,Wisconsin,37,-8,197,205,46,18,28
La Crosse County,Wisconsin,234,10,1113,1103,221,86,135
Lafayette County,Wisconsin,39,82,248,166,-44,38,-82
Langlade County,Wisconsin,-98,-131,175,306,34,9,25
Lincoln County,Wisconsin,50,-183,253,436,232,21,211
Manitowoc County,Wisconsin,133,-191,726,917,327,143,184
Marathon County,Wisconsin,657,71,1437,1366,596,258,338
Marinette County,Wisconsin,140,-238,359,597,378,26,352
Marquette County,Wisconsin,61,-123,127,250,186,11,175
Menominee County,Wisconsin,20,-5,64,69,26,0,26
Milwaukee County,Wisconsin,-1873,2399,11327,8928,-4254,4154,-8408
Monroe County,Wisconsin,257,38,575,537,223,45,178
Oconto County,Wisconsin,79,-83,333,416,160,5,155
Oneida County,Wisconsin,33,-256,265,521,286,12,274
Outagamie County,Wisconsin,965,516,2109,1593,446,320,126
Ozaukee County,Wisconsin,439,-69,814,883,518,178,340
Pepin County,Wisconsin,63,-6,76,82,70,12,58
Pierce County,Wisconsin,474,29,395,366,445,37,408
Polk County,Wisconsin,216,-166,401,567,385,12,373
Portage County,Wisconsin,390,-97,599,696,490,198,292
Price County,Wisconsin,-57,-117,93,210,60,12,48
Racine County,Wisconsin,652,5,2132,2127,646,396,250
Richland County,Wisconsin,69,-56,175,231,125,17,108
Rock County,Wisconsin,437,62,1765,1703,375,134,241
Rusk County,Wisconsin,44,-117,120,237,161,9,152
St. Croix County,Wisconsin,796,232,1019,787,570,48,522
Sauk County,Wisconsin,150,-32,701,733,183,183,0
Sawyer County,Wisconsin,31,-139,136,275,168,7,161
Shawano County,Wisconsin,122,-64,431,495,187,16,171
Sheboygan County,Wisconsin,91,-107,1111,1218,199,293,-94
Taylor County,Wisconsin,117,-5,216,221,121,18,103
Trempealeau County,Wisconsin,8,78,382,304,-72,58,-130
Vernon County,Wisconsin,107,51,408,357,56,23,33
Vilas County,Wisconsin,143,-198,160,358,340,-1,341
Walworth County,Wisconsin,158,-141,913,1054,299,109,190
Washburn County,Wisconsin,59,-153,124,277,213,4,209
Washington County,Wisconsin,412,-61,1264,1325,483,73,410
Waukesha County,Wisconsin,2318,-219,3717,3936,2568,783,1785
Waupaca County,Wisconsin,-122,-277,462,739,158,10,148
Waushara County,Wisconsin,7,-149,180,329,157,9,148
Winnebago County,Wisconsin,1047,24,1673,1649,1021,362,659
Wood County,Wisconsin,161,-315,693,1008,481,90,391
Albany County,Wyoming,79,70,307,237,11,231,-220
Big Horn County,Wyoming,139,-23,132,155,161,4,157
Campbell County,Wyoming,439,232,567,335,206,1,205
Carbon County,Wyoming,-204,-10,144,154,-193,16,-209
Converse County,Wyoming,44,-18,127,145,63,1,62
Crook County,Wyoming,173,3,87,84,171,-3,174
Fremont County,Wyoming,249,-72,442,514,323,4,319
Goshen County,Wyoming,6,-66,110,176,73,2,71
Hot Springs County,Wyoming,38,-50,34,84,89,0,89
Johnson County,Wyoming,40,-26,76,102,67,-8,75
Laramie County,Wyoming,203,67,1121,1054,136,15,121
Lincoln County,Wyoming,209,57,209,152,153,-1,154
Natrona County,Wyoming,418,35,827,792,381,0,381
Niobrara County,Wyoming,6,-12,21,33,19,0,19
Park County,Wyoming,230,-86,266,352,319,7,312
Platte County,Wyoming,-106,-75,70,145,-30,15,-45
Sheridan County,Wyoming,484,-57,296,353,542,9,533
Sublette County,Wyoming,217,2,75,73,217,-3,220
Sweetwater County,Wyoming,-125,64,430,366,-192,-12,-180
Teton County,Wyoming,-65,100,190,90,-166,55,-221
Uinta County,Wyoming,18,47,229,182,-29,-6,-23
Washakie County,Wyoming,-14,-37,72,109,24,-1,25
Weston County,Wyoming,-50,-42,50,92,-7,-4,-3
